3014867
3577887
5851349
3175024
3175298
3172287
3671628
3176923
3034886
3177363
2374688
7839347
4796496
3575635
2077599
2673730
1684712
1851282
1624041
1624041
2654635
3170674
728108
2512169
2639069
1853174
3621849
3621849
3621849
3621849
3621849
3621849
3621849
3621849
3621849
3621849
3167022
7730640
5099961
5554072
2511102
739600
739600
1863713
1700980
1650527
2165087
1244926
7730665
2523352
2524881
3164387
870468
1855694
2994497
148730
921906
5785657
2413876
5128581
2522091
4175437
1850269
3021351
3190261
1692489
1695887
1039536
8348933
2374775
290105
1859146
2621927
4164143
4776024
1855670
2310046
2521088
3183089
2522960
4155995
3183005
1711005
5278120
2995387
4466033
2271961
3037456
3472048
1606250
3166595
12213760
1214488
1860765
2271071
2094342
2697720
2645425
1715804
1715804
2130188
825116
4160171
3171886
10402310
2098329
2634873
1733440
1648186
2294034
3182887
3496021
3164407
2162781
2075432
2960964
3457991
4943097
3164582
2510253
3188763
3870243
169303
2647984
6320898
5703766
5703766
2332459
2332459
3169807
2067119
3404558
6324182
6324182
4418478
1308465
877744
2136150
2985982
2985982
3991328
6301336
5341483
7510650
659169
3493175
963253
3111879
2745932
2652513
5053204
3624924
3624924
3173833
6633594
6633594
5394086
645211
1276472
3445026
3445026
6322286
3183343
2267827
1007311
3452465
1527534
2644100
5367929
5367929
5367929
2476660
2523693
1734052
6941014
1683302
1623197
3165926
2272222
6301199
3037253
878901
2186314
4354087
4354087
3144987
921815
1859383
5788054
3862547
3408424
1696017
3530517
3461857
2524378
5327550
2522876
1267390
1261661
4504476
2646069
4565581
4565581
6322870
3170073
2422465
3178784
3170094
1857466
2639409
847633
11807348
3013534
2652885
1733432
3576363
1607978
3170069
7731018
7731018
3176438
3545838
3010025
3153823
4952468
3137115
3336585
3461465
1692685
5431710
5431710
3002510
3675579
2524765
2655262
1630634
3191518
189741
1686004
2057087
6458582
3149312
1177446
2617844
3165762
3167595
1626542
4955336
4955336
2633521
3571824
2635442
485643
3175217
4683416
2701713
2649258
2524155
2129909
3542406
2083537
2662149
2193190
3653967
3164433
304531
5354552
2618425
3182599
3006787
2063036
4035413
3110986
3180749
3175532
1848313
2128574
1734199
1733782
2091996
1709717
5877395
1272502
3176738
4170797
3175455
12213701
2525628
2636132
2635650
2635650
4160789
2264923
3547867
3547867
3176748
5225245
5225245
3166350
1648759
3395440
3897334
