124,na,22,na,145,[34.00585, 71.53775],60
124,na,22,na,145,[34.00585, 71.53775],60
124,na,22,na,145,[34.00585, 71.53775],60
124,na,22,na,145,[34.00585, 71.53775],60
124,na,22,na,145,[34.00585, 71.53775],60
124,na,22,na,145,[34.00585, 71.53775],60
124,na,22,na,145,[34.00585, 71.53775],60
124,na,22,na,145,[34.00585, 71.53775],60
38,na,33,na,29,[41.5358, 20.6989],8
38,na,33,na,29,[41.5358, 20.6989],8
38,na,33,na,29,[41.5358, 20.6989],8
38,na,33,na,29,[41.5358, 20.6989],8
34,na,26,na,26,[48.7759, 2.37577],8
38,na,33,na,29,[41.5358, 20.6989],8
38,na,33,na,29,[41.5358, 20.6989],8
38,na,33,na,29,[41.5358, 20.6989],8
38,na,33,na,29,[41.5358, 20.6989],8
38,na,33,na,29,[41.5358, 20.6989],8
38,na,33,na,29,[41.5358, 20.6989],8
38,na,33,na,29,[41.5358, 20.6989],8
38,na,33,na,29,[41.5358, 20.6989],8
38,na,33,na,29,[41.5358, 20.6989],8
38,na,33,na,29,[41.5358, 20.6989],8
63,na,26,na,55,[36.7558, 3.039114],22
63,na,26,na,55,[36.7558, 3.039114],22
63,na,26,na,55,[36.7558, 3.039114],22
63,na,26,na,55,[36.7558, 3.039114],22
63,na,26,na,55,[36.7558, 3.039114],22
63,na,26,na,55,[36.7558, 3.039114],22
92,na,6,na,68,[-1.936231, 30.077951],27
3,na,2,na,53,[-34.657988, -58.342538],19
3,na,2,na,53,[-34.657988, -58.342538],19
3,na,2,na,53,[-34.657988, -58.342538],19
3,na,2,na,53,[-34.657988, -58.342538],19
19,na,1,na,42,[-34.6775885, -58.701767],15
3,na,2,na,53,[-34.657988, -58.342538],19
3,na,2,na,53,[-34.657988, -58.342538],19
3,na,2,na,53,[-34.657988, -58.342538],19
3,na,2,na,53,[-34.657988, -58.342538],19
3,na,2,na,53,[-34.657988, -58.342538],19
3,na,2,na,53,[-34.657988, -58.342538],19
3,na,2,na,53,[-34.657988, -58.342538],19
3,na,2,na,53,[-34.657988, -58.342538],19
3,na,2,na,53,[-34.657988, -58.342538],19
3,na,2,na,53,[-34.657988, -58.342538],19
3,na,2,na,53,[-34.657988, -58.342538],19
3,na,2,na,53,[-34.657988, -58.342538],19
3,na,2,na,53,[-34.657988, -58.342538],19
3,na,2,na,53,[-34.657988, -58.342538],19
3,na,2,na,53,[-34.657988, -58.342538],19
3,na,2,na,53,[-34.657988, -58.342538],19
56,na,30,na,31,[39.795454, 44.625607],13
56,na,30,na,31,[39.795454, 44.625607],13
56,na,30,na,31,[39.795454, 44.625607],13
56,na,30,na,31,[39.795454, 44.625607],13
56,na,30,na,31,[39.795454, 44.625607],13
56,na,30,na,31,[39.795454, 44.625607],13
56,na,30,na,31,[39.795454, 44.625607],13
56,na,30,na,31,[39.795454, 44.625607],13
56,na,30,na,31,[39.795454, 44.625607],13
56,na,30,na,31,[39.795454, 44.625607],13
56,na,30,na,31,[39.795454, 44.625607],13
56,na,30,na,31,[39.795454, 44.625607],13
56,na,30,na,31,[39.795454, 44.625607],13
56,na,30,na,31,[39.795454, 44.625607],13
56,na,30,na,31,[39.795454, 44.625607],13
56,na,30,na,31,[39.795454, 44.625607],13
56,na,30,na,31,[39.795454, 44.625607],13
56,na,30,na,31,[39.795454, 44.625607],13
56,na,30,na,31,[39.795454, 44.625607],13
56,na,30,na,31,[39.795454, 44.625607],13
56,na,30,na,31,[39.795454, 44.625607],13
56,na,30,na,31,[39.795454, 44.625607],13
60,na,7,na,3,[-35.285307, 149.131579],1
60,na,7,na,3,[-35.285307, 149.131579],1
28,na,10,na,32,[-27.3292, 153.0478],10
60,na,7,na,3,[-35.285307, 149.131579],1
60,na,7,na,3,[-35.285307, 149.131579],1
60,4,7,4.2,3,[-35.220606, 149.043539],1
60,na,7,na,3,[-35.285307, 149.131579],1
60,4,7,4.2,3,[-35.220606, 149.043539],1
60,na,7,na,3,[-35.285307, 149.131579],1
38,0.1,36,11.9,48,[48.2167394444444, 16.3809180555556],14
38,0.1,36,11.9,48,[48.2167394444444, 16.3809180555556],14
42,na,36,na,48,[48.21911, 16.349818],14
42,na,36,na,48,[48.21911, 16.349818],14
50,na,36,na,48,[48.30822222, 16.3279444],14
38,0.1,36,11.9,48,[48.2167394444444, 16.3809180555556],14
38,0.1,36,11.9,48,[48.2167394444444, 16.3809180555556],14
42,na,36,na,48,[48.21911, 16.349818],14
38,0.1,36,11.9,48,[48.2167394444444, 16.3809180555556],14
50,0.1,36,4.2,48,[48.20306, 16.43455],14
38,0.1,36,11.9,48,[48.2167394444444, 16.3809180555556],14
50,0.1,36,4.2,48,[48.20306, 16.43455],14
38,na,36,na,48,[48.261086, 16.396954],14
38,0.1,36,11.9,48,[48.2167394444444, 16.3809180555556],14
42,na,36,na,48,[48.21911, 16.349818],14
42,na,36,na,47,[48.1743530555556, 16.3614172222222],13
42,na,36,na,48,[48.21911, 16.349818],14
50,0.1,36,4.2,48,[48.20306, 16.43455],14
42,na,36,na,47,[48.1743530555556, 16.3614172222222],13
68,na,17,na,38,[40.386993, 49.842945],21
68,na,17,na,38,[40.386993, 49.842945],21
68,na,17,na,38,[40.386993, 49.842945],21
68,na,17,na,38,[40.386993, 49.842945],21
68,na,17,na,38,[40.386993, 49.842945],21
68,na,17,na,38,[40.386993, 49.842945],21
68,na,17,na,38,[40.386993, 49.842945],21
68,na,17,na,38,[40.386993, 49.842945],21
68,na,17,na,38,[40.386993, 49.842945],21
68,na,17,na,38,[40.386993, 49.842945],21
63,na,26,na,131,[26.204697, 50.57083],101
63,na,26,na,131,[26.204697, 50.57083],101
132,na,10,na,80,[23.796373, 90.424614],38
132,na,10,na,80,[23.796373, 90.424614],38
132,na,10,na,80,[23.796373, 90.424614],38
132,na,10,na,80,[23.796373, 90.424614],38
132,na,10,na,80,[23.796373, 90.424614],38
132,na,10,na,80,[23.796373, 90.424614],38
132,na,10,na,80,[23.796373, 90.424614],38
132,na,10,na,80,[23.796373, 90.424614],38
132,na,10,na,80,[23.796373, 90.424614],38
132,na,10,na,80,[23.796373, 90.424614],38
132,na,10,na,80,[23.796373, 90.424614],38
132,na,10,na,80,[23.796373, 90.424614],38
132,na,10,na,80,[23.796373, 90.424614],38
132,na,10,na,80,[23.796373, 90.424614],38
132,na,10,na,80,[23.796373, 90.424614],38
132,na,10,na,80,[23.796373, 90.424614],38
132,na,10,na,80,[23.796373, 90.424614],38
132,na,10,na,80,[23.796373, 90.424614],38
132,na,10,na,80,[23.796373, 90.424614],38
132,na,10,na,80,[23.796373, 90.424614],38
132,na,10,na,80,[23.796373, 90.424614],38
132,na,10,na,80,[23.796373, 90.424614],38
132,na,10,na,80,[23.796373, 90.424614],38
132,na,10,na,80,[23.796373, 90.424614],38
132,na,10,na,80,[23.796373, 90.424614],38
132,na,10,na,80,[23.796373, 90.424614],38
132,na,10,na,80,[23.796373, 90.424614],38
132,na,10,na,80,[23.796373, 90.424614],38
132,na,10,na,80,[23.796373, 90.424614],38
132,na,10,na,80,[23.796373, 90.424614],38
132,na,10,na,80,[23.796373, 90.424614],38
132,na,10,na,80,[23.796373, 90.424614],38
132,na,10,na,80,[23.796373, 90.424614],38
132,na,10,na,80,[23.796373, 90.424614],38
132,na,10,na,80,[23.796373, 90.424614],38
132,na,10,na,80,[23.796373, 90.424614],38
132,na,10,na,80,[23.796373, 90.424614],38
132,na,10,na,80,[23.796373, 90.424614],38
132,na,10,na,80,[23.796373, 90.424614],38
132,na,10,na,80,[23.796373, 90.424614],38
132,na,10,na,80,[23.796373, 90.424614],38
132,na,10,na,80,[23.796373, 90.424614],38
132,na,10,na,80,[23.796373, 90.424614],38
132,na,10,na,80,[23.796373, 90.424614],38
132,na,10,na,80,[23.796373, 90.424614],38
132,na,10,na,80,[23.796373, 90.424614],38
132,na,10,na,80,[23.796373, 90.424614],38
132,na,10,na,80,[23.796373, 90.424614],38
132,na,10,na,80,[23.796373, 90.424614],38
132,na,10,na,80,[23.796373, 90.424614],38
132,na,10,na,80,[23.796373, 90.424614],38
132,na,10,na,80,[23.796373, 90.424614],38
132,na,10,na,80,[23.796373, 90.424614],38
132,na,10,na,80,[23.796373, 90.424614],38
132,na,10,na,80,[23.796373, 90.424614],38
132,na,10,na,80,[23.796373, 90.424614],38
132,na,10,na,80,[23.796373, 90.424614],38
132,na,10,na,80,[23.796373, 90.424614],38
132,na,10,na,80,[23.796373, 90.424614],38
132,na,10,na,80,[23.796373, 90.424614],38
132,na,10,na,80,[23.796373, 90.424614],38
132,na,10,na,80,[23.796373, 90.424614],38
132,na,10,na,80,[23.796373, 90.424614],38
132,na,10,na,80,[23.796373, 90.424614],38
132,na,10,na,80,[23.796373, 90.424614],38
132,na,10,na,80,[23.796373, 90.424614],38
132,na,10,na,80,[23.796373, 90.424614],38
132,na,10,na,80,[23.796373, 90.424614],38
132,na,10,na,80,[23.796373, 90.424614],38
132,na,10,na,80,[23.796373, 90.424614],38
132,na,10,na,80,[23.796373, 90.424614],38
132,na,10,na,80,[23.796373, 90.424614],38
132,na,10,na,80,[23.796373, 90.424614],38
132,na,10,na,80,[23.796373, 90.424614],38
132,na,10,na,80,[23.796373, 90.424614],38
132,na,10,na,80,[23.796373, 90.424614],38
132,na,10,na,80,[23.796373, 90.424614],38
132,na,10,na,80,[23.796373, 90.424614],38
132,na,10,na,80,[23.796373, 90.424614],38
132,na,10,na,80,[23.796373, 90.424614],38
132,na,10,na,80,[23.796373, 90.424614],38
132,na,10,na,80,[23.796373, 90.424614],38
132,na,10,na,80,[23.796373, 90.424614],38
132,na,10,na,80,[23.796373, 90.424614],38
132,na,10,na,80,[23.796373, 90.424614],38
132,na,10,na,80,[23.796373, 90.424614],38
132,na,10,na,80,[23.796373, 90.424614],38
132,na,10,na,80,[23.796373, 90.424614],38
132,na,10,na,80,[23.796373, 90.424614],38
37,na,6,na,19,[14.468867, -60.927389],10
37,na,6,na,19,[14.468867, -60.927389],10
37,na,6,na,19,[14.468867, -60.927389],10
32,na,28,na,31,[54.7117424, 25.2974345],8
32,na,28,na,31,[54.7117424, 25.2974345],8
32,na,28,na,31,[54.7117424, 25.2974345],8
32,na,28,na,31,[54.7117424, 25.2974345],8
32,na,28,na,31,[54.7117424, 25.2974345],8
32,na,28,na,31,[54.7117424, 25.2974345],8
32,na,28,na,31,[54.7117424, 25.2974345],8
32,na,28,na,31,[54.7117424, 25.2974345],8
32,na,28,na,31,[54.7117424, 25.2974345],8
32,na,28,na,31,[54.7117424, 25.2974345],8
1,na,6,na,107,[14.6069387, -90.5169696],43
38,na,4,na,113,[6.4404830932617, 3.4068150520325],55
57,2.4,37,6,66,[43.864722, 18.419357],21
57,2.4,37,6,66,[43.864722, 18.419357],21
57,2.4,37,6,66,[43.864722, 18.419357],21
105,0.1,36,18.4,66,[44.531944444444, 18.654722222222],22
57,2.4,37,6,66,[43.864722, 18.419357],21
74,na,10,na,61,[-25.835814, 25.614534],23
74,na,10,na,61,[-25.835814, 25.614534],23
74,na,10,na,61,[-25.835814, 25.614534],23
5,na,5,na,136,[-20.784689284, -49.398277793],51
5,na,5,na,136,[-20.784689284, -49.398277793],51
17,0.1,36,2.7,47,[42.673888888889, 23.282791666667],13
21,na,27,na,34,[42.6483638, 23.4011233],10
18,0.1,27,3.2,34,[42.6413301, 23.373074],10
32,na,30,na,25,[43.224389, 27.915733],7
17,0.1,36,2.7,47,[42.673888888889, 23.282791666667],13
18,0.1,27,3.2,34,[42.6413301, 23.373074],10
18,0.1,27,3.2,34,[42.6413301, 23.373074],10
18,0.1,27,3.2,34,[42.6413301, 23.373074],10
25,na,31,na,47,[42.7325, 23.298611],12
17,0.1,36,2.7,47,[42.673888888889, 23.282791666667],13
25,na,31,na,47,[42.7325, 23.298611],12
22,0.1,36,3.6,47,[42.6656601, 23.2702013],13
18,0.1,27,3.2,34,[42.6413301, 23.373074],10
5,1,7,1,94,[11.327715, 106.10414],29
5,1,7,1,94,[11.327715, 106.10414],29
42,0.1,30,1.9,31,[50.6325574, 5.5796662],9
5,1,7,1,94,[11.327715, 106.10414],29
14,2.3,8,8.4,15,[42.3294, -71.0825],5
5,1,7,1,94,[11.327715, 106.10414],29
5,1,7,1,94,[11.327715, 106.10414],29
5,1,7,1,94,[11.327715, 106.10414],29
5,1,7,1,94,[11.327715, 106.10414],29
5,1,7,1,94,[11.327715, 106.10414],29
5,1,7,1,94,[11.327715, 106.10414],29
42,na,6,na,6,[45.434333, -75.676],2
34,5,6,3.4,6,[45.4215296, -75.6971931],2
34,5,6,3.4,6,[45.4215296, -75.6971931],2
34,5,6,3.4,6,[45.4215296, -75.6971931],2
34,5,6,3.4,6,[45.4215296, -75.6971931],2
34,5,6,3.4,6,[45.4215296, -75.6971931],2
34,5,6,3.4,6,[45.4215296, -75.6971931],2
34,5,6,3.4,6,[45.4215296, -75.6971931],2
25,na,3,na,42,[9.0416479110718, 7.4773740768433],13
85,9.3,5,26.1,251,[-33.37677352033, -70.523326784061],153
119,21.5,2,25.4,246,[-33.464142, -70.660797],142
107,25.2,2,33.3,246,[-33.516630362266, -70.588123961971],142
119,21.5,2,25.4,246,[-33.464142, -70.660797],142
119,21.5,2,25.4,246,[-33.464142, -70.660797],142
119,21.5,2,25.4,246,[-33.464142, -70.660797],142
119,21.5,2,25.4,246,[-33.464142, -70.660797],142
1,0.1,35,3.7,52,[45.4099034, 8.7875429],18
21,1.9,2,2.1,10,[4.5725, -74.0836],3
17,3.9,2,2.9,10,[4.62529, -74.06724],3
21,1.9,2,2.1,10,[4.5725, -74.0836],3
25,2.8,2,2.9,10,[4.637735, -74.09486],3
17,3.9,2,2.9,10,[4.62529, -74.06724],3
18,2.9,1,1.9,13,[4.645228, -74.06152],4
18,2.9,1,1.9,13,[4.645228, -74.06152],4
17,3.9,2,2.9,10,[4.62529, -74.06724],3
57,2.8,2,2.8,8,[4.78374, -74.04417],3
17,3.9,2,2.9,10,[4.62529, -74.06724],3
20,3,2,2.5,8,[4.70939, -74.03199],3
18,2.9,1,1.9,13,[4.645228, -74.06152],4
18,2.9,1,1.9,13,[4.645228, -74.06152],4
25,2.8,2,2.9,10,[4.637735, -74.09486],3
17,3.9,2,2.9,10,[4.62529, -74.06724],3
17,3.9,2,2.9,10,[4.62529, -74.06724],3
53,0.1,35,16.6,55,[45.800338888889, 15.974072222222],18
53,0.1,35,16.6,55,[45.800338888889, 15.974072222222],18
53,0.1,35,16.6,55,[45.800338888889, 15.974072222222],18
53,0.1,35,16.6,55,[45.800338888889, 15.974072222222],18
53,0.1,35,16.6,55,[45.800338888889, 15.974072222222],18
53,0.1,35,16.6,55,[45.800338888889, 15.974072222222],18
53,0.1,35,16.6,55,[45.800338888889, 15.974072222222],18
53,0.1,35,16.6,55,[45.800338888889, 15.974072222222],18
94,na,38,na,56,[45.823716666667, 16.035825],19
53,0.1,35,16.6,55,[45.800338888889, 15.974072222222],18
53,0.1,35,16.6,55,[45.800338888889, 15.974072222222],18
52,na,7,na,21,[25.471944444444, -80.482777777778],6
52,na,7,na,21,[25.471944444444, -80.482777777778],6
52,na,7,na,21,[25.471944444444, -80.482777777778],6
52,na,7,na,21,[25.471944444444, -80.482777777778],6
52,na,7,na,21,[25.471944444444, -80.482777777778],6
52,na,7,na,21,[25.471944444444, -80.482777777778],6
52,na,7,na,21,[25.471944444444, -80.482777777778],6
56,3.5,37,17.4,31,[35.1520595, 33.3476924],15
56,3.5,37,17.4,31,[35.1520595, 33.3476924],15
56,3.5,37,17.4,31,[35.1520595, 33.3476924],15
92,na,6,na,68,[-1.936231, 30.077951],27
92,na,6,na,68,[-1.936231, 30.077951],27
26,na,8,na,18,[18.070114, -63.081481],8
26,na,8,na,18,[18.070114, -63.081481],8
43,na,3,na,24,[-0.107777, -78.497222],8
52,na,3,na,13,[-0.214933, -78.403253],5
26,4.6,4,4.4,11,[10.4160327, -61.4746778],6
40,na,3,na,22,[-0.221393, -78.514005],7
40,na,3,na,22,[-0.221393, -78.514005],7
43,na,3,na,24,[-0.184719, -78.495986],8
39,na,35,na,43,[31.56193, 34.56336],16
39,na,35,na,43,[31.56193, 34.56336],16
39,na,35,na,43,[31.56193, 34.56336],16
39,na,35,na,43,[31.56193, 34.56336],16
39,na,35,na,43,[31.56193, 34.56336],16
39,na,35,na,43,[31.56193, 34.56336],16
39,na,35,na,43,[31.56193, 34.56336],16
39,na,35,na,43,[31.56193, 34.56336],16
39,na,35,na,43,[31.56193, 34.56336],16
39,na,35,na,43,[31.56193, 34.56336],16
39,na,35,na,43,[31.56193, 34.56336],16
39,na,35,na,43,[31.56193, 34.56336],16
39,na,35,na,43,[31.56193, 34.56336],16
39,na,35,na,43,[31.56193, 34.56336],16
65,na,6,na,64,[13.70630556, -89.20011667],26
65,na,6,na,64,[13.70630556, -89.20011667],26
65,na,6,na,64,[13.70630556, -89.20011667],26
25,na,3,na,42,[9.0416479110718, 7.4773740768433],13
53,na,18,na,74,[21.543486, 39.17299],54
39,na,28,na,28,[59.414133, 24.649218],8
39,na,28,na,28,[59.414133, 24.649218],8
43,na,28,na,27,[59.43107, 24.760317],8
43,na,28,na,27,[59.43107, 24.760317],8
43,na,28,na,27,[59.43107, 24.760317],8
43,na,28,na,27,[59.43107, 24.760317],8
42,na,27,na,28,[59.447293, 24.715126],8
43,na,28,na,27,[59.43107, 24.760317],8
43,na,28,na,27,[59.43107, 24.760317],8
39,na,28,na,28,[59.414133, 24.649218],8
127,na,9,na,290,[9.058498, 38.761642],240
127,na,9,na,290,[9.058498, 38.761642],240
80,na,9,na,290,[8.996519, 38.725433],240
127,na,9,na,290,[9.058498, 38.761642],240
80,na,9,na,290,[8.996519, 38.725433],240
127,na,9,na,290,[9.058498, 38.761642],240
127,na,9,na,290,[9.058498, 38.761642],240
80,na,9,na,290,[8.996519, 38.725433],240
127,na,9,na,290,[9.058498, 38.761642],240
80,na,9,na,290,[8.996519, 38.725433],240
127,na,9,na,290,[9.058498, 38.761642],240
35,na,24,na,32,[60.1733244, 24.9410248],10
30,na,24,na,32,[60.16964, 24.93924],10
25,na,25,na,19,[60.22024, 24.81133],7
30,na,24,na,32,[60.16964, 24.93924],10
40,na,26,na,31,[60.19644, 24.95198],9
35,na,24,na,32,[60.1733244, 24.9410248],10
35,na,29,na,24,[61.48226, 21.81329],7
40,na,26,na,31,[60.19644, 24.95198],9
35,na,24,na,32,[60.1733244, 24.9410248],10
34,na,27,na,29,[60.22393, 25.10244],9
30,na,24,na,32,[60.16964, 24.93924],10
38,0.1,26,7,31,[48.8621, 2.34462],9
45,0.1,26,25.3,31,[48.856614, 2.3522219],9
40,na,27,na,21,[48.11521, -1.673088],7
55,na,27,na,23,[48.640929999815, 2.2687200004266],7
45,0.1,26,25.3,31,[48.856614, 2.3522219],9
45,0.1,26,25.3,31,[48.856614, 2.3522219],9
16,na,26,na,31,[48.8303, 2.26972],9
30,na,26,na,31,[48.8913, 2.24064],9
22,na,32,na,45,[48.588056, 7.729722],14
45,0.1,26,25.3,31,[48.856614, 2.3522219],9
35,na,26,na,31,[48.9022, 2.3907],9
56,na,26,na,31,[48.8686, 2.31166],9
56,na,26,na,31,[48.8686, 2.31166],9
34,na,26,na,26,[48.7759, 2.37577],8
45,0.1,26,25.3,31,[48.856614, 2.3522219],9
38,0.1,26,7,31,[48.8621, 2.34462],9
56,na,26,na,31,[48.8686, 2.31166],9
45,0.1,26,25.3,31,[48.856614, 2.3522219],9
1,0.1,35,3.7,52,[45.4099034, 8.7875429],18
38,0.1,26,7,31,[48.8621, 2.34462],9
45,0.1,26,25.3,31,[48.856614, 2.3522219],9
38,0.1,26,7,31,[48.8621, 2.34462],9
38,0.1,26,7,31,[48.8621, 2.34462],9
45,0.1,26,25.3,31,[48.856614, 2.3522219],9
45,0.1,26,25.3,31,[48.856614, 2.3522219],9
45,0.1,26,25.3,31,[48.856614, 2.3522219],9
45,0.1,26,25.3,31,[48.856614, 2.3522219],9
47,na,26,na,31,[48.8733, 2.32957],9
45,0.1,26,25.3,31,[48.856614, 2.3522219],9
35,na,26,na,31,[48.9022, 2.3907],9
45,na,26,na,31,[48.9251, 2.35654],9
45,0.1,26,25.3,31,[48.856614, 2.3522219],9
33,na,26,na,31,[48.8917, 2.34563],9
45,0.1,26,25.3,31,[48.856614, 2.3522219],9
40,na,27,na,21,[48.11521, -1.673088],7
29,2.3,25,28.4,52,[51.52253, -0.154611],15
16,na,26,na,31,[48.8303, 2.26972],9
38,0.1,26,7,31,[48.8621, 2.34462],9
55,na,27,na,23,[48.640929999815, 2.2687200004266],7
44,na,28,na,30,[44.800461732357, -0.589397901038],9
55,na,27,na,23,[48.640929999815, 2.2687200004266],7
45,0.1,26,25.3,31,[48.856614, 2.3522219],9
38,0.1,26,7,31,[48.8621, 2.34462],9
38,0.1,26,7,31,[48.8621, 2.34462],9
38,0.1,26,7,31,[48.8621, 2.34462],9
47,na,26,na,31,[48.8733, 2.32957],9
45,0.1,26,25.3,31,[48.856614, 2.3522219],9
45,0.1,26,25.3,31,[48.856614, 2.3522219],9
45,0.1,26,25.3,31,[48.856614, 2.3522219],9
45,0.1,26,25.3,31,[48.856614, 2.3522219],9
38,0.1,26,7,31,[48.8621, 2.34462],9
74,na,26,na,31,[48.8386, 2.41278],9
38,0.1,26,7,31,[48.8621, 2.34462],9
38,0.1,26,7,31,[48.8621, 2.34462],9
54,na,31,na,30,[43.62358041, 1.438546479],9
33,na,26,na,31,[48.8917, 2.34563],9
45,0.1,26,25.3,31,[48.856614, 2.3522219],9
45,0.1,26,25.3,31,[48.856614, 2.3522219],9
45,0.1,26,25.3,31,[48.856614, 2.3522219],9
45,0.1,26,25.3,31,[48.856614, 2.3522219],9
56,na,26,na,31,[48.8686, 2.31166],9
38,0.1,26,7,31,[48.8621, 2.34462],9
35,na,26,na,31,[48.9022, 2.3907],9
45,0.1,26,25.3,31,[48.856614, 2.3522219],9
45,0.1,26,25.3,31,[48.856614, 2.3522219],9
38,0.1,26,7,31,[48.8621, 2.34462],9
45,0.1,26,25.3,31,[48.856614, 2.3522219],9
20,na,28,na,27,[48.8408, 2.4844],8
38,0.1,26,7,31,[48.8621, 2.34462],9
56,na,26,na,31,[48.8686, 2.31166],9
45,0.1,26,25.3,31,[48.856614, 2.3522219],9
45,0.1,26,25.3,31,[48.856614, 2.3522219],9
45,0.1,26,25.3,31,[48.856614, 2.3522219],9
45,0.1,26,25.3,31,[48.856614, 2.3522219],9
16,na,26,na,31,[48.8303, 2.26972],9
38,0.1,26,7,31,[48.8621, 2.34462],9
45,0.1,26,25.3,31,[48.856614, 2.3522219],9
30,na,26,na,31,[48.8913, 2.24064],9
35,na,26,na,31,[48.9022, 2.3907],9
45,0.1,26,25.3,31,[48.856614, 2.3522219],9
35,na,26,na,31,[48.9022, 2.3907],9
45,0.1,26,25.3,31,[48.856614, 2.3522219],9
45,0.1,26,25.3,31,[48.856614, 2.3522219],9
91,0.1,29,13.3,38,[52.463611, 13.31825],11
91,0.1,29,13.3,38,[52.463611, 13.31825],11
89,na,29,na,38,[52.543041, 13.349326],11
89,na,29,na,38,[52.543041, 13.349326],11
78,0.1,29,7.4,38,[52.5200066, 13.404954],11
38,2.6,25,9.3,52,[51.49467, -0.131931],15
89,na,29,na,38,[52.543041, 13.349326],11
89,na,29,na,38,[52.543041, 13.349326],11
91,0.1,29,13.3,38,[52.463611, 13.31825],11
47,na,35,na,36,[52.3758916, 9.7320104],11
102,na,29,na,38,[52.513606, 13.418833],11
87,0.1,33,9.6,50,[52.514072, 13.469931],15
93,na,29,na,38,[52.509813, 13.382377],11
78,0.1,29,7.4,38,[52.5200066, 13.404954],11
89,na,29,na,38,[52.543041, 13.349326],11
93,na,29,na,38,[52.509813, 13.382377],11
34,na,26,na,27,[51.142082, -0.194181],8
91,0.1,29,13.3,38,[52.463611, 13.31825],11
87,0.1,33,9.6,50,[52.514072, 13.469931],15
93,na,29,na,38,[52.509813, 13.382377],11
78,0.1,29,7.4,38,[52.5200066, 13.404954],11
89,na,29,na,38,[52.543041, 13.349326],11
93,na,29,na,38,[52.509813, 13.382377],11
38,na,4,na,113,[6.4404830932617, 3.4068150520325],55
38,na,4,na,113,[6.4404830932617, 3.4068150520325],55
38,na,4,na,113,[6.4404830932617, 3.4068150520325],55
38,na,4,na,113,[6.4404830932617, 3.4068150520325],55
38,na,4,na,113,[6.4404830932617, 3.4068150520325],55
38,na,4,na,113,[6.4404830932617, 3.4068150520325],55
38,na,4,na,113,[6.4404830932617, 3.4068150520325],55
38,na,4,na,113,[6.4404830932617, 3.4068150520325],55
38,na,4,na,113,[6.4404830932617, 3.4068150520325],55
38,na,4,na,113,[6.4404830932617, 3.4068150520325],55
38,na,4,na,113,[6.4404830932617, 3.4068150520325],55
38,na,4,na,113,[6.4404830932617, 3.4068150520325],55
38,na,4,na,113,[6.4404830932617, 3.4068150520325],55
55,na,4,na,69,[5.36, -4.0083],34
74,na,24,na,28,[37.988028, 23.727628],10
74,na,24,na,28,[37.988028, 23.727628],10
74,na,24,na,28,[37.988028, 23.727628],10
74,na,24,na,28,[37.988028, 23.727628],10
74,na,24,na,28,[37.988028, 23.727628],10
74,na,24,na,28,[37.988028, 23.727628],10
70,0.1,27,22.4,65,[37.9432869, 23.64751053],23
74,na,24,na,28,[37.988028, 23.727628],10
74,na,24,na,28,[37.988028, 23.727628],10
51,na,36,na,48,[37.99510574, 23.81941795],15
70,0.1,27,22.4,65,[37.9432869, 23.64751053],23
1,na,6,na,107,[14.6069387, -90.5169696],43
1,na,6,na,107,[14.6069387, -90.5169696],43
1,na,6,na,107,[14.6069387, -90.5169696],43
1,na,6,na,107,[14.6069387, -90.5169696],43
1,na,6,na,107,[14.6069387, -90.5169696],43
55,na,4,na,69,[5.36, -4.0083],34
26,na,8,na,18,[18.070114, -63.081481],8
26,na,8,na,18,[18.070114, -63.081481],8
26,na,8,na,18,[18.070114, -63.081481],8
26,na,8,na,18,[18.070114, -63.081481],8
26,na,8,na,18,[18.070114, -63.081481],8
124,na,5,na,60,[13.71518889, -89.15481944],24
57,na,37,na,41,[48.159614, 18.978505],11
57,na,37,na,41,[48.159614, 18.978505],11
57,na,37,na,41,[48.159614, 18.978505],11
57,na,37,na,41,[48.159614, 18.978505],11
57,na,37,na,41,[48.159614, 18.978505],11
36,na,26,na,21,[47.4685, -0.555933],7
57,na,37,na,41,[48.159614, 18.978505],11
57,na,37,na,41,[48.159614, 18.978505],11
57,na,37,na,41,[48.159614, 18.978505],11
57,na,37,na,41,[48.159614, 18.978505],11
57,na,37,na,41,[48.159614, 18.978505],11
57,na,37,na,41,[48.159614, 18.978505],11
57,na,37,na,41,[48.159614, 18.978505],11
57,na,37,na,41,[48.159614, 18.978505],11
57,na,37,na,41,[48.159614, 18.978505],11
57,na,37,na,41,[48.159614, 18.978505],11
57,na,37,na,41,[48.159614, 18.978505],11
57,na,37,na,41,[48.159614, 18.978505],11
57,na,37,na,41,[48.159614, 18.978505],11
15,0.1,21,3.3,13,[64.142, -21.946],4
15,0.1,21,3.3,13,[64.142, -21.946],4
15,0.1,21,3.3,13,[64.142, -21.946],4
34,0.1,23,11.4,51,[64.13, -21.875],15
15,0.1,21,3.3,13,[64.142, -21.946],4
63,7.3,11,5.1,89,[28.531314, 77.270686],45
41,11.3,10,0.6,121,[30.269444, 78.044167],55
99,11.8,10,10.3,91,[28.5648, 77.1744],46
57,3.5,15,5,101,[28.964949, 77.278761],46
99,11.8,10,10.3,91,[28.5648, 77.1744],46
124,na,9,na,240,[-6.182536, 106.834236],140
124,na,9,na,240,[-6.182536, 106.834236],140
124,na,9,na,240,[-6.182536, 106.834236],140
124,na,9,na,240,[-6.182536, 106.834236],140
124,na,9,na,240,[-6.182536, 106.834236],140
124,na,9,na,240,[-6.182536, 106.834236],140
124,na,9,na,240,[-6.182536, 106.834236],140
124,na,9,na,240,[-6.182536, 106.834236],140
124,na,9,na,240,[-6.182536, 106.834236],140
47,6,22,15,69,[34.5097412, 45.5740953],67
47,6,22,15,69,[34.5097412, 45.5740953],67
47,6,22,15,69,[34.5097412, 45.5740953],67
47,6,22,15,69,[34.5097412, 45.5740953],67
47,6,22,15,69,[34.5097412, 45.5740953],67
47,6,22,15,69,[34.5097412, 45.5740953],67
47,6,22,15,69,[34.5097412, 45.5740953],67
47,6,22,15,69,[34.5097412, 45.5740953],67
47,6,22,15,69,[34.5097412, 45.5740953],67
47,6,22,15,69,[34.5097412, 45.5740953],67
53,9,36,25.1,49,[31.79445, 35.21997],17
37,na,36,na,49,[31.789032, 35.202641],17
37,9,36,5.1,49,[31.768319, 35.21371],17
37,na,36,na,49,[31.789032, 35.202641],17
53,9,36,25.1,49,[31.79445, 35.21997],17
36,na,36,na,48,[31.65647, 35.11681],16
37,na,36,na,49,[31.75709, 35.21741],17
37,9,36,5.1,49,[31.768319, 35.21371],17
37,na,36,na,49,[31.789032, 35.202641],17
53,9,36,25.1,49,[31.79445, 35.21997],17
37,9,36,5.1,49,[31.768319, 35.21371],17
37,na,36,na,49,[31.75709, 35.21741],17
37,9,36,5.1,49,[31.768319, 35.21371],17
53,na,36,na,47,[41.8482263, 12.5759027],14
42,na,34,na,49,[41.8932669, 12.4753855],14
50,0.1,36,2.3,49,[41.9248746, 12.4934413],15
50,0.1,36,2.3,49,[41.9248746, 12.4934413],15
53,na,36,na,47,[41.8482263, 12.5759027],14
1,0.1,35,3.7,52,[45.4099034, 8.7875429],18
53,na,36,na,47,[41.8482263, 12.5759027],14
42,na,34,na,49,[41.8932669, 12.4753855],14
50,0.1,36,2.3,49,[41.9248746, 12.4934413],15
42,na,34,na,49,[41.8932669, 12.4753855],14
42,na,34,na,49,[41.8932669, 12.4753855],14
50,na,36,na,47,[41.9363397, 12.6544146],14
42,na,34,na,49,[41.8932669, 12.4753855],14
42,na,34,na,49,[41.8932669, 12.4753855],14
42,na,34,na,49,[41.8932669, 12.4753855],14
55,0.1,34,8.3,49,[41.9328321, 12.5012473],14
42,na,34,na,49,[41.8932669, 12.4753855],14
42,na,34,na,49,[41.8932669, 12.4753855],14
53,0.1,34,16.5,49,[41.9071831, 12.4466876],14
53,0.1,34,16.5,49,[41.9071831, 12.4466876],14
42,na,34,na,49,[41.8932669, 12.4753855],14
53,0.1,34,16.5,49,[41.9071831, 12.4466876],14
42,na,34,na,49,[41.8932669, 12.4753855],14
53,0.1,34,16.5,49,[41.9071831, 12.4466876],14
42,na,34,na,49,[41.8932669, 12.4753855],14
53,0.1,34,16.5,49,[41.9071831, 12.4466876],14
53,0.1,34,16.5,49,[41.9071831, 12.4466876],14
50,0.1,36,2.3,49,[41.9248746, 12.4934413],15
42,na,34,na,49,[41.8932669, 12.4753855],14
42,na,34,na,49,[41.8932669, 12.4753855],14
16,2.3,31,14.9,95,[35.7334675, 139.7551411],44
10,3.4,16,7.5,91,[35.6622228, 139.4280321],44
6,5.6,31,13,113,[35.6422723, 139.7354456],50
12,4.5,31,13.9,113,[35.6639824, 139.6979483],50
12,4.5,31,13.9,113,[35.6639824, 139.6979483],50
12,4.5,31,13.9,113,[35.6639824, 139.6979483],50
6,5.6,31,13,113,[35.6422723, 139.7354456],50
7,1.2,24,4.7,112,[35.5213336, 139.4078666],44
10,2.3,31,5.6,93,[35.7003943, 139.6824123],42
5,2.3,27,6.5,110,[35.3728393, 139.3847442],42
12,4.5,31,13.9,113,[35.6639824, 139.6979483],50
10,6.7,31,6.5,93,[35.6905576, 139.6022801],42
16,2.3,31,14.9,95,[35.7334675, 139.7551411],44
14,3.4,31,17.6,95,[35.692745, 139.7680749],44
16,2.3,31,14.9,95,[35.7334675, 139.7551411],44
11,2.3,31,10.2,95,[35.7193411, 139.7347261],44
9,3.4,30,5.6,102,[35.6516036, 139.595188],42
25,na,34,na,34,[32.022758, 35.847744],16
46,na,34,na,34,[31.94502, 35.8805],16
26,na,34,na,34,[31.987677, 35.823448],16
25,na,34,na,34,[32.022758, 35.847744],16
46,na,34,na,34,[31.94502, 35.8805],16
25,na,34,na,34,[32.022758, 35.847744],16
9,3.4,12,6.2,92,[51.125286, 71.46722],42
9,3.4,12,6.2,92,[51.125286, 71.46722],42
9,3.4,12,6.2,92,[51.125286, 71.46722],42
143,na,6,na,58,[-1.23437, 36.81732],33
143,na,6,na,58,[-1.23437, 36.81732],33
143,na,6,na,58,[-1.23437, 36.81732],33
143,na,6,na,58,[-1.23437, 36.81732],33
143,na,6,na,58,[-1.23437, 36.81732],33
143,na,6,na,58,[-1.23437, 36.81732],33
143,na,6,na,58,[-1.23437, 36.81732],33
143,na,6,na,58,[-1.23437, 36.81732],33
143,na,6,na,58,[-1.23437, 36.81732],33
143,na,6,na,58,[-1.23437, 36.81732],33
143,na,6,na,58,[-1.23437, 36.81732],33
143,na,6,na,58,[-1.23437, 36.81732],33
143,na,6,na,58,[-1.23437, 36.81732],33
61,na,14,na,87,[42.827625, 74.58384],57
61,na,14,na,87,[42.827625, 74.58384],57
61,na,14,na,87,[42.827625, 74.58384],57
61,na,14,na,87,[42.827625, 74.58384],57
61,na,14,na,87,[42.827625, 74.58384],57
61,na,14,na,87,[42.827625, 74.58384],57
87,na,24,na,20,[56.316814, 22.903861],5
87,na,24,na,20,[56.316814, 22.903861],5
87,na,24,na,20,[56.316814, 22.903861],5
87,na,24,na,20,[56.316814, 22.903861],5
87,na,24,na,20,[56.316814, 22.903861],5
87,na,24,na,20,[56.316814, 22.903861],5
87,na,24,na,20,[56.316814, 22.903861],5
87,na,24,na,20,[56.316814, 22.903861],5
87,na,24,na,20,[56.316814, 22.903861],5
87,na,24,na,20,[56.316814, 22.903861],5
87,na,24,na,20,[56.316814, 22.903861],5
87,na,24,na,20,[56.316814, 22.903861],5
87,na,24,na,20,[56.316814, 22.903861],5
1,na,24,na,20,[56.316814, 22.903861],5
1,na,24,na,20,[56.316814, 22.903861],5
1,na,24,na,20,[56.316814, 22.903861],5
1,na,24,na,20,[56.316814, 22.903861],5
48,na,36,na,41,[32.88966, 35.09703],19
48,na,36,na,41,[32.88966, 35.09703],19
48,na,36,na,41,[32.88966, 35.09703],19
48,na,36,na,41,[32.88966, 35.09703],19
48,na,36,na,41,[32.88966, 35.09703],19
48,na,36,na,41,[32.88966, 35.09703],19
48,na,36,na,41,[32.88966, 35.09703],19
48,na,36,na,41,[32.88966, 35.09703],19
55,na,4,na,69,[5.36, -4.0083],34
55,na,4,na,69,[5.36, -4.0083],34
55,na,4,na,69,[5.36, -4.0083],34
55,na,4,na,69,[5.36, -4.0083],34
46,na,29,na,25,[54.8878169, 23.845993],7
34,na,28,na,31,[54.7117424, 25.2974345],8
34,na,28,na,31,[54.7117424, 25.2974345],8
34,na,28,na,31,[54.7117424, 25.2974345],8
34,na,28,na,31,[54.7117424, 25.2974345],8
34,na,28,na,31,[54.7117424, 25.2974345],8
34,na,28,na,31,[54.7117424, 25.2974345],8
62,na,32,na,23,[55.6848552, 21.1840107],7
34,na,28,na,31,[54.7117424, 25.2974345],8
34,na,28,na,31,[54.7117424, 25.2974345],8
61,na,8,na,33,[-18.908479690552, 47.537509918213],12
61,na,8,na,33,[-18.908479690552, 47.537509918213],12
172,na,10,na,80,[23.796373, 90.424614],38
75,na,12,na,76,[3.321308, 101.256242],23
59,na,3,na,82,[3.15675, 101.72145],26
77,na,2,na,75,[3.133169, 101.608011],24
75,na,4,na,73,[3.212439, 101.682228],22
75,na,4,na,73,[3.212439, 101.682228],22
59,na,3,na,82,[3.15675, 101.72145],26
59,na,3,na,82,[3.15675, 101.72145],26
59,na,3,na,82,[3.15675, 101.72145],26
80,na,3,na,73,[2.821692, 101.811486],25
59,na,3,na,82,[3.15675, 101.72145],26
58,7.7,5,4,78,[8.5149093, 76.9435879],41
58,7.7,5,4,78,[8.5149093, 76.9435879],41
50,0.1,39,15.4,50,[35.897778, 14.489444],16
50,0.1,39,15.4,50,[35.897778, 14.489444],16
26,0.1,12,3.7,10,[27.772603802631, -15.541856141447],7
20,na,10,na,15,[-20.910583333333, 55.618916666667],11
59,8.9,14,29.7,95,[19.3262, -99.1761],41
59,8.9,14,29.7,95,[19.3262, -99.1761],41
53,2.3,16,16.7,77,[19.325146, -99.204136],34
59,3.4,14,17.6,95,[19.371612, -99.158969],41
10,10,16,38,77,[19.40405, -99.202603],34
57,4.5,15,15.8,79,[19.2721, -99.207658],40
10,10,16,38,77,[19.40405, -99.202603],34
59,3.4,14,17.6,95,[19.371612, -99.158969],41
63,8.9,14,29.7,83,[19.304441, -99.103629],39
59,3.4,14,17.6,95,[19.371612, -99.158969],41
10,10,16,38,77,[19.40405, -99.202603],34
10,10,16,38,77,[19.40405, -99.202603],34
53,2.3,16,16.7,77,[19.325146, -99.204136],34
80,5.6,14,27.8,68,[19.529077, -99.204597],28
57,4.5,15,15.8,79,[19.2721, -99.207658],40
80,5.6,14,27.8,68,[19.529077, -99.204597],28
68,5.6,14,28.8,95,[19.360794, -99.07388],41
63,8.9,14,29.7,83,[19.304441, -99.103629],39
80,5.6,14,27.8,68,[19.529077, -99.204597],28
80,5.6,14,27.8,68,[19.529077, -99.204597],28
80,5.6,14,27.8,68,[19.529077, -99.204597],28
68,6.7,14,30.6,95,[19.371612, -99.158969],41
61,na,9,na,38,[18.90861, -99.21167],15
59,3.4,16,26.9,77,[19.325146, -99.204136],34
80,5.6,14,27.8,68,[19.529077, -99.204597],28
59,3.4,16,26.9,77,[19.325146, -99.204136],34
59,8.9,14,29.7,95,[19.3262, -99.1761],41
59,3.4,16,26.9,77,[19.325146, -99.204136],34
68,6.7,14,30.6,95,[19.371612, -99.158969],41
63,8.9,14,29.7,83,[19.304441, -99.103629],39
10,10,16,38,77,[19.40405, -99.202603],34
59,8.9,14,29.7,95,[19.3262, -99.1761],41
59,8.9,14,29.7,95,[19.3262, -99.1761],41
68,6.7,14,30.6,95,[19.371612, -99.158969],41
68,6.7,14,30.6,95,[19.371612, -99.158969],41
72,2,11,39,57,[47.913429, 106.997907],32
56,5,9,4,173,[47.9329056, 106.9213833],148
56,5,9,4,173,[47.928387, 106.92947],148
39,na,9,na,173,[47.894281, 106.882475],148
46,4,11,12,56,[47.8664611, 107.1180194],32
51,1,9,16,173,[47.9176056, 106.9373611],148
52,na,32,na,28,[42.448087, 19.240889],8
52,na,32,na,28,[42.448087, 19.240889],8
52,na,32,na,28,[42.448087, 19.240889],8
52,na,32,na,28,[42.448087, 19.240889],8
52,na,32,na,28,[42.448087, 19.240889],8
52,na,32,na,28,[42.448087, 19.240889],8
52,na,32,na,28,[42.448087, 19.240889],8
52,na,32,na,28,[42.448087, 19.240889],8
52,na,32,na,28,[42.448087, 19.240889],8
52,na,32,na,28,[42.448087, 19.240889],8
52,na,32,na,28,[42.448087, 19.240889],8
33,na,41,na,49,[36.460594405413, -6.2030661968542],19
48,na,45,na,32,[36.233864730459, -5.6634960942353],11
48,na,45,na,32,[36.233864730459, -5.6634960942353],11
48,na,45,na,32,[36.233864730459, -5.6634960942353],11
48,na,45,na,32,[36.233864730459, -5.6634960942353],11
14,1.3,11,2.6,114,[-26.493348, 29.968054],45
12,na,7,na,9,[-31.398641, 19.140214],8
12,na,7,na,9,[-31.398641, 19.140214],8
149,na,7,na,5,[-41.52663988, 173.95608203],2
105,na,8,na,3,[-39.6778, 175.80084],1
17,na,4,na,31,[9.949488, -84.142876],8
17,na,4,na,31,[9.949488, -84.142876],8
17,na,4,na,31,[9.949488, -84.142876],8
17,na,4,na,31,[9.949488, -84.142876],8
114,na,4,na,30,[12.304907, -1.497184],15
114,na,4,na,30,[12.304907, -1.497184],15
19,na,3,na,42,[9.0416479110718, 7.4773740768433],13
62,na,33,na,26,[59.9169444, 10.766],8
59,na,33,na,26,[59.93231, 10.72455],8
59,na,33,na,26,[59.93231, 10.72455],8
59,na,33,na,26,[59.93231, 10.72455],8
59,na,33,na,26,[59.93231, 10.72455],8
66,na,33,na,26,[59.914051, 10.735978],8
59,na,33,na,26,[59.93231, 10.72455],8
62,na,33,na,26,[59.9169444, 10.766],8
66,na,33,na,26,[59.914051, 10.735978],8
66,na,33,na,26,[59.92305, 10.76574],8
59,na,33,na,26,[59.93231, 10.72455],8
59,na,33,na,26,[59.93231, 10.72455],8
66,na,33,na,26,[59.92305, 10.76574],8
66,na,33,na,26,[59.92305, 10.76574],8
58,na,32,na,26,[58.14888, 7.99183],7
96,na,31,na,138,[24.219, 55.7348],97
97,na,20,na,125,[33.7235, 73.11822],52
97,na,20,na,125,[33.7235, 73.11822],52
97,na,20,na,125,[33.7235, 73.11822],52
97,na,20,na,125,[33.7235, 73.11822],52
97,na,20,na,125,[33.7235, 73.11822],52
97,na,20,na,125,[33.7235, 73.11822],52
97,na,20,na,125,[33.7235, 73.11822],52
97,na,20,na,125,[33.7235, 73.11822],52
93,na,8,na,157,[24.8415, 67.0091],140
97,na,20,na,125,[33.7235, 73.11822],52
97,na,20,na,125,[33.7235, 73.11822],52
97,na,20,na,125,[33.7235, 73.11822],52
97,na,20,na,125,[33.7235, 73.11822],52
97,na,20,na,125,[33.7235, 73.11822],52
97,na,20,na,125,[33.7235, 73.11822],52
97,na,20,na,125,[33.7235, 73.11822],52
97,na,20,na,125,[33.7235, 73.11822],52
97,na,20,na,125,[33.7235, 73.11822],52
97,na,20,na,125,[33.7235, 73.11822],52
17,na,4,na,31,[9.949488, -84.142876],8
17,na,4,na,31,[9.949488, -84.142876],8
17,na,4,na,31,[9.949488, -84.142876],8
17,na,4,na,31,[9.949488, -84.142876],8
10,na,3,na,111,[-22.119936735, -51.408777068],39
10,na,3,na,111,[-22.119936735, -51.408777068],39
59,na,10,na,61,[-12.16639, -76.92],33
29,na,5,na,80,[-12.04302, -76.97144],37
2,na,10,na,59,[-12.10859, -77.00769],27
6,na,10,na,59,[-12.07054, -77.04322],27
2,na,10,na,59,[-12.10859, -77.00769],27
29,na,5,na,80,[-12.04302, -76.97144],37
6,na,10,na,59,[-12.07054, -77.04322],27
34,na,2,na,21,[6.4369602, -75.3303986],6
2,na,10,na,59,[-12.10859, -77.00769],27
29,na,5,na,80,[-12.04302, -76.97144],37
33,na,4,na,7,[-0.333949, -78.553416],3
2,na,10,na,59,[-12.10859, -77.00769],27
2,na,10,na,59,[-12.10859, -77.00769],27
25,na,9,na,62,[-12.00889, -77.08447],28
6,na,10,na,59,[-12.07054, -77.04322],27
6,na,10,na,59,[-12.07054, -77.04322],27
29,na,5,na,80,[-12.04302, -76.97144],37
25,na,9,na,62,[-12.00889, -77.08447],28
6,na,10,na,59,[-12.07054, -77.04322],27
29,na,5,na,80,[-12.04302, -76.97144],37
17,0.7,9,0.8,44,[21.958069, 120.788928],15
17,0.7,9,0.8,44,[21.958069, 120.788928],15
17,0.7,9,0.8,44,[21.958069, 120.788928],15
17,0.7,9,0.8,44,[21.958069, 120.788928],15
17,0.7,9,0.8,44,[21.958069, 120.788928],15
17,0.7,9,0.8,44,[21.958069, 120.788928],15
17,0.7,9,0.8,44,[21.958069, 120.788928],15
17,0.7,9,0.8,44,[21.958069, 120.788928],15
17,0.7,9,0.8,44,[21.958069, 120.788928],15
17,0.7,9,0.8,44,[21.958069, 120.788928],15
17,0.7,9,0.8,44,[21.958069, 120.788928],15
17,0.7,9,0.8,44,[21.958069, 120.788928],15
17,0.7,9,0.8,44,[21.958069, 120.788928],15
17,0.7,9,0.8,44,[21.958069, 120.788928],15
17,0.7,9,0.8,44,[21.958069, 120.788928],15
17,0.7,9,0.8,44,[21.958069, 120.788928],15
17,0.7,9,0.8,44,[21.958069, 120.788928],15
17,0.7,9,0.8,44,[21.958069, 120.788928],15
60,0.1,28,30.8,63,[52.225171, 21.014783],20
60,0.1,28,30.8,63,[52.225171, 21.014783],20
60,0.1,28,30.8,63,[52.225171, 21.014783],20
63,1.1,28,8.7,63,[52.290915, 21.042459],20
59,na,39,na,67,[52.191789, 20.837494],21
58,1.9,40,3.2,60,[52.160838, 21.033815],18
60,0.1,28,30.8,63,[52.225171, 21.014783],20
63,1.1,28,8.7,63,[52.290915, 21.042459],20
60,0.1,28,30.8,63,[52.225171, 21.014783],20
58,1.9,40,3.2,60,[52.160838, 21.033815],18
63,1.1,28,8.7,63,[52.290915, 21.042459],20
58,1.9,40,3.2,60,[52.160838, 21.033815],18
60,0.1,28,30.8,63,[52.225171, 21.014783],20
60,0.1,28,30.8,63,[52.225171, 21.014783],20
60,0.1,28,30.8,63,[52.225171, 21.014783],20
60,0.1,28,30.8,63,[52.225171, 21.014783],20
60,0.1,28,30.8,63,[52.225171, 21.014783],20
60,0.1,28,30.8,63,[52.225171, 21.014783],20
22,na,24,na,40,[38.748611111111, -9.1488888888889],12
22,na,24,na,40,[38.748611111111, -9.1488888888889],12
22,na,24,na,40,[38.748611111111, -9.1488888888889],12
22,na,24,na,40,[38.748611111111, -9.1488888888889],12
22,na,24,na,40,[38.748611111111, -9.1488888888889],12
22,na,24,na,40,[38.748611111111, -9.1488888888889],12
22,na,24,na,40,[38.748611111111, -9.1488888888889],12
22,na,24,na,40,[38.748611111111, -9.1488888888889],12
20,na,24,na,49,[41.274166666667, -8.3761111111111],15
22,na,24,na,40,[38.748611111111, -9.1488888888889],12
22,na,24,na,40,[38.748611111111, -9.1488888888889],12
22,na,24,na,40,[38.748611111111, -9.1488888888889],12
22,na,24,na,40,[38.748611111111, -9.1488888888889],12
22,na,24,na,40,[38.748611111111, -9.1488888888889],12
109,na,26,na,120,[25.3337, 51.22953],102
109,na,26,na,120,[25.3337, 51.22953],102
109,na,26,na,120,[25.3337, 51.22953],102
3,na,21,na,19,[53.347863, -6.243785],8
3,na,21,na,19,[53.347863, -6.243785],8
21,na,26,na,16,[53.286763, -6.173349],6
1,na,21,na,19,[53.343628, -6.270197],8
1,na,21,na,19,[53.343628, -6.270197],8
21,na,21,na,19,[53.336295000214, -6.3090199999589],8
22,na,21,na,30,[53.385636000137, -6.3699340002986],10
3,na,21,na,19,[53.347863, -6.243785],8
1,na,21,na,19,[53.343628, -6.270197],8
22,na,21,na,19,[53.345840000035, -6.2947949995684],8
1,na,21,na,19,[53.343628, -6.270197],8
19,na,25,na,15,[53.280541000076, -6.3588420002256],6
21,na,26,na,16,[53.286763, -6.173349],6
3,na,21,na,19,[53.347863, -6.243785],8
20,na,21,na,19,[53.338252, -6.280805],8
23,na,25,na,14,[53.311838999844, -6.2353160004029],5
3,na,21,na,19,[53.347863, -6.243785],8
1,na,21,na,19,[53.343628, -6.270197],8
21,na,26,na,16,[53.286763, -6.173349],6
3,na,21,na,19,[53.347863, -6.243785],8
16,na,21,na,30,[53.318902, -6.32176],10
1,na,21,na,19,[53.343628, -6.270197],8
27,na,21,na,19,[53.322562, -6.237014],8
27,na,21,na,19,[53.322562, -6.237014],8
20,na,21,na,19,[53.338252, -6.280805],8
21,na,26,na,16,[53.286763, -6.173349],6
3,na,21,na,19,[53.347863, -6.243785],8
1,na,21,na,19,[53.343628, -6.270197],8
3,na,21,na,19,[53.347863, -6.243785],8
18,na,21,na,19,[53.33192, -6.215766],8
1,na,21,na,19,[53.343628, -6.270197],8
3,na,21,na,19,[53.347863, -6.243785],8
15,na,31,na,42,[44.4185543, 26.1615982],12
45,na,31,na,45,[44.4258997, 26.0544366],13
45,na,31,na,45,[44.4258997, 26.0544366],13
45,na,31,na,45,[44.4258997, 26.0544366],13
49,na,30,na,45,[44.4556327, 26.0251529],13
45,na,31,na,45,[44.4258997, 26.0544366],13
45,na,31,na,45,[44.4258997, 26.0544366],13
45,na,31,na,45,[44.4258997, 26.0544366],13
15,na,31,na,42,[44.4185543, 26.1615982],12
45,na,31,na,45,[44.4258997, 26.0544366],13
15,na,31,na,42,[44.4185543, 26.1615982],12
15,na,31,na,42,[44.4185543, 26.1615982],12
45,na,31,na,45,[44.4258997, 26.0544366],13
45,na,31,na,45,[44.4258997, 26.0544366],13
45,na,31,na,45,[44.4258997, 26.0544366],13
45,na,31,na,45,[44.4258997, 26.0544366],13
49,na,30,na,45,[44.4556327, 26.0251529],13
2,2.1,17,14.2,51,[55.718774, 37.570271],18
32,13,17,11,51,[55.76385, 37.6621],18
77,0.3,17,5.1,34,[55.708638, 37.479385],10
32,1.6,17,15.6,51,[55.759354, 37.595584],18
32,1.6,17,15.6,51,[55.759354, 37.595584],18
77,0.3,17,5.1,34,[55.708638, 37.479385],10
1,1.3,18,13.3,36,[55.535478, 37.57936],10
77,0.3,17,5.1,34,[55.708638, 37.479385],10
32,1.6,17,15.6,51,[55.759354, 37.595584],18
77,0.3,17,5.1,34,[55.708638, 37.479385],10
32,13,17,11,51,[55.76385, 37.6621],18
32,13,17,11,51,[55.76385, 37.6621],18
32,1.6,17,15.6,51,[55.759354, 37.595584],18
32,1.6,17,15.6,51,[55.759354, 37.595584],18
32,13,17,11,51,[55.76385, 37.6621],18
4,3.9,17,41.6,35,[55.688043, 37.863004],11
2,2.1,17,14.2,51,[55.718774, 37.570271],18
32,1.6,17,15.6,51,[55.759354, 37.595584],18
32,1.6,17,15.6,51,[55.759354, 37.595584],18
32,1.6,17,15.6,51,[55.759354, 37.595584],18
77,0.3,17,5.1,34,[55.708638, 37.479385],10
77,0.3,17,5.1,34,[55.708638, 37.479385],10
77,0.3,17,5.1,34,[55.708638, 37.479385],10
32,1.6,17,15.6,51,[55.759354, 37.595584],18
32,1.6,17,15.6,51,[55.759354, 37.595584],18
2,2.1,17,14.2,51,[55.718774, 37.570271],18
32,1.6,17,15.6,51,[55.759354, 37.595584],18
77,0.3,17,5.1,34,[55.708638, 37.479385],10
32,1.6,17,15.6,51,[55.759354, 37.595584],18
4,3.9,17,41.6,35,[55.688043, 37.863004],11
2,2.1,17,14.2,51,[55.718774, 37.570271],18
32,1.6,17,15.6,51,[55.759354, 37.595584],18
32,1.6,17,15.6,51,[55.759354, 37.595584],18
32,13,17,11,51,[55.76385, 37.6621],18
32,1.6,17,15.6,51,[55.759354, 37.595584],18
2,2.1,17,14.2,51,[55.718774, 37.570271],18
32,1.6,17,15.6,51,[55.759354, 37.595584],18
2,2.1,17,14.2,51,[55.718774, 37.570271],18
77,0.3,17,5.1,34,[55.708638, 37.479385],10
2,1.9,21,8.7,16,[55.994145, 37.172252],5
77,0.3,17,5.1,34,[55.708638, 37.479385],10
32,13,17,11,51,[55.76385, 37.6621],18
32,1.6,17,15.6,51,[55.759354, 37.595584],18
2,2.1,17,14.2,51,[55.718774, 37.570271],18
2,2.1,17,14.2,51,[55.718774, 37.570271],18
32,1.6,17,15.6,51,[55.759354, 37.595584],18
32,1.6,17,15.6,51,[55.759354, 37.595584],18
32,1.6,17,15.6,51,[55.759354, 37.595584],18
32,1.6,17,15.6,51,[55.759354, 37.595584],18
32,13,17,11,51,[55.76385, 37.6621],18
77,0.3,17,5.1,34,[55.708638, 37.479385],10
32,13,17,11,51,[55.76385, 37.6621],18
32,13,17,11,51,[55.76385, 37.6621],18
77,0.3,17,5.1,34,[55.708638, 37.479385],10
95,na,6,na,68,[-1.936231, 30.077951],27
95,na,6,na,68,[-1.936231, 30.077951],27
29,na,8,na,18,[18.070114, -63.081481],8
29,na,8,na,18,[18.070114, -63.081481],8
29,na,8,na,18,[18.070114, -63.081481],8
38,na,6,na,19,[14.468867, -60.927389],10
38,na,6,na,19,[14.468867, -60.927389],10
80,na,26,na,131,[26.204697, 50.57083],101
80,na,26,na,131,[26.204697, 50.57083],101
80,na,26,na,131,[26.204697, 50.57083],101
80,na,26,na,131,[26.204697, 50.57083],101
80,na,26,na,131,[26.204697, 50.57083],101
80,na,26,na,131,[26.204697, 50.57083],101
80,na,26,na,131,[26.204697, 50.57083],101
80,na,26,na,131,[26.204697, 50.57083],101
80,na,26,na,131,[26.204697, 50.57083],101
80,na,26,na,131,[26.204697, 50.57083],101
24,na,13,na,8,[27.831949454874, -17.921644512378],6
24,na,13,na,8,[27.831949454874, -17.921644512378],6
24,na,13,na,8,[27.831949454874, -17.921644512378],6
73,1.9,37,26.7,69,[44.821, 20.459222222222],23
55,1.3,37,6.3,69,[44.82112, 20.459113],23
73,1.9,37,26.7,69,[44.821, 20.459222222222],23
58,na,31,na,49,[44.796959, 20.475288],14
73,1.9,37,26.7,69,[44.821, 20.459222222222],23
58,na,31,na,49,[44.796959, 20.475288],14
61,4.9,31,14.8,49,[44.794262, 20.463173],14
57,na,31,na,49,[44.777237, 20.457029],14
73,1.9,37,26.7,69,[44.821, 20.459222222222],23
63,4.4,31,4.3,49,[44.796427, 20.486154],14
57,na,31,na,49,[44.777237, 20.457029],14
61,na,37,na,72,[44.835246, 20.403299],25
58,na,31,na,49,[44.796959, 20.475288],14
56,2.6,31,7,49,[44.788646, 20.444507],14
54,2.9,37,3.5,72,[44.803111111111, 20.400027777778],24
73,1.9,37,26.7,69,[44.821, 20.459222222222],23
57,na,31,na,49,[44.777237, 20.457029],14
55,1.3,37,6.3,69,[44.82112, 20.459113],23
55,na,4,na,69,[5.36, -4.0083],34
55,na,4,na,69,[5.36, -4.0083],34
55,na,4,na,69,[5.36, -4.0083],34
74,2.2,36,11.9,44,[48.1448688, 17.1130846],12
85,2.3,36,3.2,44,[48.1684184, 17.1078752],12
74,2.2,36,11.9,44,[48.1448688, 17.1130846],12
74,2.2,36,11.9,44,[48.1448688, 17.1130846],12
74,2.2,36,11.9,44,[48.1448688, 17.1130846],12
85,2.3,36,3.2,44,[48.1684184, 17.1078752],12
85,2.3,36,3.2,44,[48.1684184, 17.1078752],12
59,na,41,na,51,[46.037791, 14.494001],15
59,na,41,na,51,[46.037791, 14.494001],15
65,na,44,na,53,[45.955569063015, 13.652389822931],15
63,0.1,38,3.7,56,[46.065851, 14.517454],17
82,na,7,na,11,[-21.1595, 149.1549],5
143,na,6,na,58,[-1.23437, 36.81732],33
143,na,6,na,58,[-1.23437, 36.81732],33
21,na,7,na,25,[-33.9155, 18.643556],13
25,na,7,na,25,[-33.9025, 18.565194],13
6,6.3,8,1.8,17,[-33.927546, 18.482759],10
43,na,9,na,12,[-33.913833, 18.425167],8
49,na,39,na,50,[35.8555556, 14.5333333],16
6,6.3,8,1.8,17,[-33.927546, 18.482759],10
6,6.3,8,1.8,17,[-33.927546, 18.482759],10
6,6.3,8,1.8,17,[-33.927546, 18.482759],10
6,6.3,8,1.8,17,[-33.927546, 18.482759],10
43,na,9,na,12,[-33.913833, 18.425167],8
6,6.3,8,1.8,17,[-33.927546, 18.482759],10
95,na,6,na,68,[-1.936231, 30.077951],27
30,0.1,22,8.3,32,[40.4167754, -3.7037902],10
30,0.1,22,8.3,32,[40.4167754, -3.7037902],10
30,0.1,22,8.3,32,[40.4167754, -3.7037902],10
30,0.1,22,8.3,32,[40.4167754, -3.7037902],10
9,na,22,na,32,[40.445542, -3.707129],10
30,0.1,22,8.3,32,[40.4167754, -3.7037902],10
59,0.1,24,15.6,72,[41.38534, 2.153822],38
63,0.1,25,9.2,33,[40.421562, -3.682319],10
25,na,22,na,31,[40.419352, -3.747346],10
30,0.1,22,8.3,32,[40.4167754, -3.7037902],10
21,na,22,na,32,[40.439891, -3.690366],10
63,0.1,25,9.2,33,[40.421562, -3.682319],10
9,na,22,na,32,[40.445542, -3.707129],10
53,na,18,na,74,[21.543486, 39.17299],54
53,na,18,na,74,[21.543486, 39.17299],54
53,na,18,na,74,[21.543486, 39.17299],54
53,na,18,na,74,[21.543486, 39.17299],54
53,na,18,na,74,[21.543486, 39.17299],54
53,na,18,na,74,[21.543486, 39.17299],54
53,na,18,na,74,[21.543486, 39.17299],54
53,na,18,na,74,[21.543486, 39.17299],54
53,na,18,na,74,[21.543486, 39.17299],54
53,na,18,na,74,[21.543486, 39.17299],54
53,na,18,na,74,[21.543486, 39.17299],54
53,na,18,na,74,[21.543486, 39.17299],54
15,na,4,na,3,[5.16425, -52.6465],2
39,na,34,na,29,[59.44592161984784, 17.95499263300909],8
27,na,34,na,30,[59.3146033825323, 18.0771383476735],9
29,0.1,30,11.7,31,[59.3408269502832, 18.0582536812784],9
29,0.1,30,11.7,31,[59.3408269502832, 18.0582536812784],9
29,0.1,30,11.7,31,[59.3408269502832, 18.0582536812784],9
15,na,30,na,31,[59.31330008340998, 18.004038969950518],9
49,na,30,na,31,[59.340500235637215, 18.037016134124812],9
29,0.1,30,11.7,31,[59.3408269502832, 18.0582536812784],9
27,na,34,na,30,[59.3146033825323, 18.0771383476735],9
41,na,29,na,31,[46.951111111111, 7.4408333333333],10
47,na,31,na,38,[47.438727425121, 8.5701197998635],15
41,na,29,na,31,[46.951111111111, 7.4408333333333],10
35,na,37,na,38,[32.557751, 35.845016],13
35,na,37,na,38,[32.557751, 35.845016],13
35,na,37,na,38,[32.557751, 35.845016],13
35,na,37,na,38,[32.557751, 35.845016],13
104,na,13,na,89,[38.55767, 68.77592],54
104,na,13,na,89,[38.55767, 68.77592],54
104,na,13,na,89,[38.55767, 68.77592],54
104,na,13,na,89,[38.55767, 68.77592],54
143,na,6,na,58,[-1.23437, 36.81732],33
143,na,6,na,58,[-1.23437, 36.81732],33
68,0.1,1,15,82,[13.729852, 100.536501],26
68,0.1,1,15,82,[13.729852, 100.536501],26
65,na,1,na,68,[13.666183, 100.605742],20
68,0.1,1,15,82,[13.729852, 100.536501],26
61,0.1,1,12.7,82,[13.7563309, 100.5017651],26
46,na,1,na,72,[13.779873, 100.646009],22
70,na,1,na,84,[13.7054879, 100.315622],26
78,na,1,na,82,[13.727622, 100.486568],26
61,0.1,1,12.7,82,[13.7563309, 100.5017651],26
55,0.1,1,13.3,79,[13.907861, 100.535641],24
61,0.1,1,12.7,82,[13.7563309, 100.5017651],26
70,na,1,na,84,[13.7054879, 100.315622],26
59,0.1,1,7.5,80,[14.03742, 100.605216],25
30,0.1,4,4.7,31,[13.428581, 100.024664],19
59,0.1,1,7.5,80,[14.03742, 100.605216],25
61,0.1,1,12.7,82,[13.7563309, 100.5017651],26
61,0.1,1,12.7,82,[13.7563309, 100.5017651],26
68,0.1,1,15,82,[13.729852, 100.536501],26
50,0.1,1,16.7,82,[13.8069333, 100.5355167],26
55,0.1,1,13.3,79,[13.907861, 100.535641],24
61,0.1,1,12.7,82,[13.7563309, 100.5017651],26
53,0.1,1,9.8,65,[14.526343, 100.926047],18
61,0.1,1,12.7,72,[13.769634, 100.614567],22
61,0.1,1,12.7,72,[13.769634, 100.614567],22
46,na,1,na,72,[13.779873, 100.646009],22
50,0.1,1,16.7,82,[13.8069333, 100.5355167],26
57,0.1,1,8.1,68,[13.652141, 100.531805],19
55,0.1,1,13.3,79,[13.907861, 100.535641],24
55,0.1,1,13.3,79,[13.907861, 100.535641],24
93,0.1,1,12.7,82,[13.76251667, 100.5502],26
46,0.1,1,12.7,72,[13.7954248, 100.5930298],22
55,0.1,1,13.3,79,[13.907861, 100.535641],24
78,0.1,1,15,72,[13.77553, 100.569195],22
46,na,1,na,72,[13.779873, 100.646009],22
55,0.1,1,13.3,79,[13.907861, 100.535641],24
61,0.1,1,12.7,72,[13.769634, 100.614567],22
78,0.1,1,15,72,[13.77553, 100.569195],22
59,0.1,1,7.5,80,[14.03742, 100.605216],25
39,na,4,na,113,[6.4404830932617, 3.4068150520325],55
51,na,44,na,41,[36.0611111, 14.2091667],13
51,na,44,na,41,[36.0611111, 14.2091667],13
51,na,44,na,41,[36.0611111, 14.2091667],13
51,na,44,na,41,[36.0611111, 14.2091667],13
51,na,44,na,41,[36.0611111, 14.2091667],13
51,na,44,na,41,[36.0611111, 14.2091667],13
51,na,44,na,41,[36.0611111, 14.2091667],13
51,na,44,na,41,[36.0611111, 14.2091667],13
16,8.6,25,8.5,22,[39.861041, 32.640589],7
30,15.4,25,6.9,38,[39.91832282586664, 32.82290472883654],11
25,7.3,25,4.5,38,[39.857433511507764, 32.858460545539835],11
30,15.4,25,6.9,38,[39.91832282586664, 32.82290472883654],11
59,15.4,25,39.3,38,[39.92706513272927, 32.86001400920846],11
16,8.6,25,8.5,22,[39.861041, 32.640589],7
35,6.6,25,8.9,25,[39.953754, 32.726386],8
35,6.6,25,8.9,25,[39.953754, 32.726386],8
16,8.6,25,8.5,22,[39.861041, 32.640589],7
30,15.4,25,6.9,38,[39.91832282586664, 32.82290472883654],11
30,15.4,25,6.9,38,[39.91832282586664, 32.82290472883654],11
59,15.4,25,39.3,38,[39.92706513272927, 32.86001400920846],11
63,na,16,na,62,[37.9415, 58.3879],53
63,na,16,na,62,[37.9415, 58.3879],53
63,na,16,na,62,[37.9415, 58.3879],53
63,na,16,na,62,[37.9415, 58.3879],53
63,na,16,na,62,[37.9415, 58.3879],53
63,na,16,na,62,[37.9415, 58.3879],53
63,na,16,na,62,[37.9415, 58.3879],53
95,na,6,na,68,[-1.936231, 30.077951],27
95,na,6,na,68,[-1.936231, 30.077951],27
95,na,6,na,68,[-1.936231, 30.077951],27
95,na,6,na,68,[-1.936231, 30.077951],27
95,na,6,na,68,[-1.936231, 30.077951],27
95,na,6,na,68,[-1.936231, 30.077951],27
95,na,6,na,68,[-1.936231, 30.077951],27
95,na,6,na,68,[-1.936231, 30.077951],27
95,na,6,na,68,[-1.936231, 30.077951],27
95,na,6,na,68,[-1.936231, 30.077951],27
95,na,6,na,68,[-1.936231, 30.077951],27
95,na,6,na,68,[-1.936231, 30.077951],27
95,na,6,na,68,[-1.936231, 30.077951],27
95,na,6,na,68,[-1.936231, 30.077951],27
95,na,6,na,68,[-1.936231, 30.077951],27
95,na,6,na,68,[-1.936231, 30.077951],27
95,na,6,na,68,[-1.936231, 30.077951],27
95,na,6,na,68,[-1.936231, 30.077951],27
95,na,6,na,68,[-1.936231, 30.077951],27
95,na,6,na,68,[-1.936231, 30.077951],27
95,na,6,na,68,[-1.936231, 30.077951],27
95,na,6,na,68,[-1.936231, 30.077951],27
95,na,6,na,68,[-1.936231, 30.077951],27
95,na,6,na,68,[-1.936231, 30.077951],27
95,na,6,na,68,[-1.936231, 30.077951],27
95,na,6,na,68,[-1.936231, 30.077951],27
95,na,6,na,68,[-1.936231, 30.077951],27
95,na,6,na,68,[-1.936231, 30.077951],27
95,na,6,na,68,[-1.936231, 30.077951],27
95,na,6,na,68,[-1.936231, 30.077951],27
95,na,6,na,68,[-1.936231, 30.077951],27
2,na,28,na,28,[47.2, 27.783333],7
2,na,28,na,28,[47.2, 27.783333],7
36,na,32,na,39,[42.029078040164, 35.1552890251045],12
2,na,28,na,28,[47.2, 27.783333],7
2,na,28,na,28,[47.2, 27.783333],7
23,na,15,na,18,[38.605, -28.631388888889],7
2,na,28,na,28,[47.2, 27.783333],7
2,na,28,na,28,[47.2, 27.783333],7
2,na,28,na,28,[47.2, 27.783333],7
2,na,28,na,28,[47.2, 27.783333],7
2,na,28,na,28,[47.2, 27.783333],7
2,na,28,na,28,[47.2, 27.783333],7
2,na,28,na,28,[47.2, 27.783333],7
2,na,28,na,28,[47.2, 27.783333],7
2,na,28,na,28,[47.2, 27.783333],7
2,na,28,na,28,[47.2, 27.783333],7
2,na,28,na,28,[47.2, 27.783333],7
2,na,28,na,28,[47.2, 27.783333],7
2,na,28,na,28,[47.2, 27.783333],7
86,0.1,31,3.8,134,[24.403725901797, 54.516212598318],96
93,na,24,na,138,[25.25848, 55.309166],87
113,na,31,na,138,[24.259283538347, 55.704940681812],97
43,na,32,na,128,[24.484653749994, 54.364735330707],93
33,na,28,na,23,[48.3545, 2.64536],7
43,na,32,na,128,[24.484653749994, 54.364735330707],93
18,na,25,na,52,[51.5013906712066, -0.0782034373606952],15
20,na,25,na,50,[51.4563, 0.085606],15
17,na,25,na,52,[51.4922482333024, -0.147114752900186],15
5,na,25,na,50,[51.490532, 0.074003],15
17,na,25,na,52,[51.4922482333024, -0.147114752900186],15
33,2.3,25,5.7,52,[51.52229, -0.125889],15
20,na,21,na,19,[54.59965, -5.928833],6
5,na,25,na,50,[51.490532, 0.074003],15
23,na,25,na,52,[51.520225273171, -0.0961060474176381],15
22,2.7,24,6.4,32,[51.489398, -0.310081],9
5,na,24,na,32,[51.476168, -0.230427],9
10,na,25,na,52,[51.5277066194645, -0.129053205282516],15
5,na,25,na,50,[51.490532, 0.074003],15
7,na,24,na,50,[51.472504, -0.012381],15
46,2.8,25,27.5,52,[51.52253, -0.154611],15
33,2.3,25,5.7,52,[51.52229, -0.125889],15
20,na,23,na,22,[55.91796, -4.406231],8
10,na,25,na,52,[51.5277066194645, -0.129053205282516],15
25,na,25,na,52,[51.4931557048667, -0.101527038274853],15
10,na,25,na,52,[51.5277066194645, -0.129053205282516],15
10,na,25,na,52,[51.5277066194645, -0.129053205282516],15
33,2.3,25,5.7,52,[51.52229, -0.125889],15
46,2.8,25,27.5,52,[51.52253, -0.154611],15
33,2.3,25,5.7,52,[51.52229, -0.125889],15
34,2.3,25,23.8,52,[51.5073509, -0.1277583],15
10,na,25,na,52,[51.5277066194645, -0.129053205282516],15
23,na,25,na,52,[51.520225273171, -0.0961060474176381],15
23,na,25,na,52,[51.520225273171, -0.0961060474176381],15
34,na,24,na,50,[51.4795312838203, -0.0252606031340197],15
18,na,25,na,52,[51.5013906712066, -0.0782034373606952],15
9,na,25,na,52,[51.557895, -0.106989],15
46,2.8,25,27.5,52,[51.52253, -0.154611],15
25,na,20,na,46,[53.02821, -2.175133],13
33,2.3,25,5.7,52,[51.52229, -0.125889],15
25,na,25,na,52,[51.4931557048667, -0.101527038274853],15
5,na,25,na,50,[51.490532, 0.074003],15
38,7.3,24,8.7,50,[51.562376, -0.004898],15
25,na,25,na,52,[51.4931557048667, -0.101527038274853],15
18,na,24,na,32,[51.463429, -0.215871],9
34,2.3,25,23.8,52,[51.5073509, -0.1277583],15
10,na,25,na,52,[51.513847178423, -0.077765681752],15
34,na,25,na,52,[51.5145253362314, -0.104515626337876],15
32,2.7,24,1,32,[51.52105, -0.213492],9
33,2.3,25,5.7,52,[51.52229, -0.125889],15
25,na,25,na,52,[51.4931557048667, -0.101527038274853],15
32,2.7,24,1,32,[51.52105, -0.213492],9
38,7.3,24,8.7,50,[51.562376, -0.004898],15
15,na,25,na,33,[51.57661, 0.030858],10
32,2.7,24,1,32,[51.52105, -0.213492],9
34,na,25,na,52,[51.533238, -0.129594],15
33,2.3,25,5.7,52,[51.52229, -0.125889],15
7,na,24,na,50,[51.472504, -0.012381],15
21,na,23,na,46,[52.411563, -1.560228],13
38,2.3,25,7.1,52,[51.49467, -0.131931],15
9,na,26,na,29,[51.377923, -0.240414],8
10,na,25,na,52,[51.5277066194645, -0.129053205282516],15
25,na,25,na,52,[51.4931557048667, -0.101527038274853],15
25,2.3,25,9.8,52,[51.54421, -0.175269],15
22,2.7,24,6.4,32,[51.489398, -0.310081],9
33,2.3,25,5.7,52,[51.52229, -0.125889],15
34,na,25,na,52,[51.5145253362314, -0.104515626337876],15
17,na,25,na,52,[51.4922482333024, -0.147114752900186],15
46,2.8,25,27.5,52,[51.52253, -0.154611],15
17,na,25,na,52,[51.4922482333024, -0.147114752900186],15
32,2.7,24,1,32,[51.52105, -0.213492],9
32,2.7,24,1,32,[51.52105, -0.213492],9
38,7.3,24,12.5,34,[51.5993, -0.068218],10
34,2.3,25,23.8,52,[51.5073509, -0.1277583],15
34,2.3,25,23.8,52,[51.5073509, -0.1277583],15
46,2.8,25,27.5,52,[51.52253, -0.154611],15
34,2.3,25,23.8,52,[51.5073509, -0.1277583],15
34,na,25,na,52,[51.5145253362314, -0.104515626337876],15
38,2.3,25,7.1,52,[51.49467, -0.131931],15
25,na,25,na,52,[51.4931557048667, -0.101527038274853],15
13,na,27,na,29,[51.410039, -0.127523],8
17,na,25,na,52,[51.4922482333024, -0.147114752900186],15
17,na,25,na,52,[51.4922482333024, -0.147114752900186],15
33,2.3,25,5.7,52,[51.52229, -0.125889],15
10,na,27,na,29,[51.3586596124998, -0.149723946604927],8
33,2.3,25,5.7,52,[51.52229, -0.125889],15
8,na,24,na,50,[51.5150461674013, -0.00841849265642741],15
46,2.8,25,27.5,52,[51.52253, -0.154611],15
10,na,25,na,52,[51.513847178423, -0.077765681752],15
28,na,36,na,28,[55.79216, -3.2429],9
38,7.3,24,8.7,50,[51.562376, -0.004898],15
11,na,26,na,29,[51.412308, -0.29658478],8
34,na,25,na,52,[51.5145253362314, -0.104515626337876],15
46,2.8,25,27.5,52,[51.52253, -0.154611],15
46,2.8,25,27.5,52,[51.52253, -0.154611],15
23,na,25,na,52,[51.520225273171, -0.0961060474176381],15
38,2.3,25,7.1,52,[51.49467, -0.131931],15
46,2.8,25,27.5,52,[51.52253, -0.154611],15
53,na,2,na,53,[-34.657988, -58.342538],19
53,na,2,na,53,[-34.657988, -58.342538],19
53,na,2,na,53,[-34.657988, -58.342538],19
53,na,2,na,53,[-34.657988, -58.342538],19
82,na,19,na,119,[41.328069, 69.294476],72
82,na,19,na,119,[41.328069, 69.294476],72
82,na,19,na,119,[41.328069, 69.294476],72
82,na,19,na,119,[41.328069, 69.294476],72
82,na,19,na,119,[41.328069, 69.294476],72
82,na,19,na,119,[41.328069, 69.294476],72
98,na,19,na,119,[41.328069, 69.294476],72
98,na,19,na,119,[41.328069, 69.294476],72
98,na,19,na,119,[41.328069, 69.294476],72
98,na,19,na,119,[41.328069, 69.294476],72
98,na,19,na,119,[41.328069, 69.294476],72
137,na,19,na,119,[41.3672, 69.2725],72
98,na,19,na,119,[41.328069, 69.294476],72
98,na,19,na,119,[41.328069, 69.294476],72
53,na,18,na,74,[21.543486, 39.17299],54
30,0.5,6,3.1,51,[-23.682068, 27.722012],18
27,2.2,9,2.5,89,[-24.155951, 28.984199],36
27,2.2,9,2.5,89,[-24.155951, 28.984199],36
27,2.2,9,2.5,89,[-24.155951, 28.984199],36
27,2.2,9,2.5,89,[-24.155951, 28.984199],36
