124,22,60,145,[34.00585, 71.53775],
124,22,60,145,[34.00585, 71.53775],
124,22,60,145,[34.00585, 71.53775],
124,22,60,145,[34.00585, 71.53775],
124,22,60,145,[34.00585, 71.53775],
124,22,60,145,[34.00585, 71.53775],
124,22,60,145,[34.00585, 71.53775],
124,22,60,145,[34.00585, 71.53775],
38,33,8,29,[41.5358, 20.6989],
38,33,8,29,[41.5358, 20.6989],
38,33,8,29,[41.5358, 20.6989],
38,33,8,29,[41.5358, 20.6989],
34,26,8,26,[48.7759, 2.37577],
38,33,8,29,[41.5358, 20.6989],
38,33,8,29,[41.5358, 20.6989],
38,33,8,29,[41.5358, 20.6989],
38,33,8,29,[41.5358, 20.6989],
38,33,8,29,[41.5358, 20.6989],
38,33,8,29,[41.5358, 20.6989],
38,33,8,29,[41.5358, 20.6989],
38,33,8,29,[41.5358, 20.6989],
38,33,8,29,[41.5358, 20.6989],
38,33,8,29,[41.5358, 20.6989],
63,26,22,55,[36.7558, 3.039114],
63,26,22,55,[36.7558, 3.039114],
63,26,22,55,[36.7558, 3.039114],
63,26,22,55,[36.7558, 3.039114],
63,26,22,55,[36.7558, 3.039114],
63,26,22,55,[36.7558, 3.039114],
92,6,27,68,[-1.936231, 30.077951],
3,2,19,53,[-34.657988, -58.342538],
3,2,19,53,[-34.657988, -58.342538],
3,2,19,53,[-34.657988, -58.342538],
3,2,19,53,[-34.657988, -58.342538],
19,1,15,42,[-34.6775885, -58.701767],
3,2,19,53,[-34.657988, -58.342538],
3,2,19,53,[-34.657988, -58.342538],
3,2,19,53,[-34.657988, -58.342538],
3,2,19,53,[-34.657988, -58.342538],
3,2,19,53,[-34.657988, -58.342538],
3,2,19,53,[-34.657988, -58.342538],
3,2,19,53,[-34.657988, -58.342538],
3,2,19,53,[-34.657988, -58.342538],
3,2,19,53,[-34.657988, -58.342538],
3,2,19,53,[-34.657988, -58.342538],
3,2,19,53,[-34.657988, -58.342538],
3,2,19,53,[-34.657988, -58.342538],
3,2,19,53,[-34.657988, -58.342538],
3,2,19,53,[-34.657988, -58.342538],
3,2,19,53,[-34.657988, -58.342538],
3,2,19,53,[-34.657988, -58.342538],
56,30,13,31,[39.795454, 44.625607],
56,30,13,31,[39.795454, 44.625607],
56,30,13,31,[39.795454, 44.625607],
56,30,13,31,[39.795454, 44.625607],
56,30,13,31,[39.795454, 44.625607],
56,30,13,31,[39.795454, 44.625607],
56,30,13,31,[39.795454, 44.625607],
56,30,13,31,[39.795454, 44.625607],
56,30,13,31,[39.795454, 44.625607],
56,30,13,31,[39.795454, 44.625607],
56,30,13,31,[39.795454, 44.625607],
56,30,13,31,[39.795454, 44.625607],
56,30,13,31,[39.795454, 44.625607],
56,30,13,31,[39.795454, 44.625607],
56,30,13,31,[39.795454, 44.625607],
56,30,13,31,[39.795454, 44.625607],
56,30,13,31,[39.795454, 44.625607],
56,30,13,31,[39.795454, 44.625607],
56,30,13,31,[39.795454, 44.625607],
56,30,13,31,[39.795454, 44.625607],
56,30,13,31,[39.795454, 44.625607],
56,30,13,31,[39.795454, 44.625607],
60,7,1,3,[-35.285307, 149.131579],
60,7,1,3,[-35.285307, 149.131579],
28,10,10,32,[-27.3292, 153.0478],
60,7,1,3,[-35.285307, 149.131579],
60,7,1,3,[-35.285307, 149.131579],
60,7,1,3,[-35.220606, 149.043539],
60,7,1,3,[-35.285307, 149.131579],
60,7,1,3,[-35.220606, 149.043539],
60,7,1,3,[-35.285307, 149.131579],
38,36,14,48,[48.2167394444444, 16.3809180555556],
38,36,14,48,[48.2167394444444, 16.3809180555556],
42,36,14,48,[48.21911, 16.349818],
42,36,14,48,[48.21911, 16.349818],
50,36,14,48,[48.30822222, 16.3279444],
38,36,14,48,[48.2167394444444, 16.3809180555556],
38,36,14,48,[48.2167394444444, 16.3809180555556],
42,36,14,48,[48.21911, 16.349818],
38,36,14,48,[48.2167394444444, 16.3809180555556],
50,36,14,48,[48.20306, 16.43455],
38,36,14,48,[48.2167394444444, 16.3809180555556],
50,36,14,48,[48.20306, 16.43455],
38,36,14,48,[48.261086, 16.396954],
38,36,14,48,[48.2167394444444, 16.3809180555556],
42,36,14,48,[48.21911, 16.349818],
42,36,13,47,[48.1743530555556, 16.3614172222222],
42,36,14,48,[48.21911, 16.349818],
50,36,14,48,[48.20306, 16.43455],
42,36,13,47,[48.1743530555556, 16.3614172222222],
68,17,21,38,[40.386993, 49.842945],
68,17,21,38,[40.386993, 49.842945],
68,17,21,38,[40.386993, 49.842945],
68,17,21,38,[40.386993, 49.842945],
68,17,21,38,[40.386993, 49.842945],
68,17,21,38,[40.386993, 49.842945],
68,17,21,38,[40.386993, 49.842945],
68,17,21,38,[40.386993, 49.842945],
68,17,21,38,[40.386993, 49.842945],
68,17,21,38,[40.386993, 49.842945],
63,26,101,131,[26.204697, 50.57083],
63,26,101,131,[26.204697, 50.57083],
132,10,38,80,[23.796373, 90.424614],
132,10,38,80,[23.796373, 90.424614],
132,10,38,80,[23.796373, 90.424614],
132,10,38,80,[23.796373, 90.424614],
132,10,38,80,[23.796373, 90.424614],
132,10,38,80,[23.796373, 90.424614],
132,10,38,80,[23.796373, 90.424614],
132,10,38,80,[23.796373, 90.424614],
132,10,38,80,[23.796373, 90.424614],
132,10,38,80,[23.796373, 90.424614],
132,10,38,80,[23.796373, 90.424614],
132,10,38,80,[23.796373, 90.424614],
132,10,38,80,[23.796373, 90.424614],
132,10,38,80,[23.796373, 90.424614],
132,10,38,80,[23.796373, 90.424614],
132,10,38,80,[23.796373, 90.424614],
132,10,38,80,[23.796373, 90.424614],
132,10,38,80,[23.796373, 90.424614],
132,10,38,80,[23.796373, 90.424614],
132,10,38,80,[23.796373, 90.424614],
132,10,38,80,[23.796373, 90.424614],
132,10,38,80,[23.796373, 90.424614],
132,10,38,80,[23.796373, 90.424614],
132,10,38,80,[23.796373, 90.424614],
132,10,38,80,[23.796373, 90.424614],
132,10,38,80,[23.796373, 90.424614],
132,10,38,80,[23.796373, 90.424614],
132,10,38,80,[23.796373, 90.424614],
132,10,38,80,[23.796373, 90.424614],
132,10,38,80,[23.796373, 90.424614],
132,10,38,80,[23.796373, 90.424614],
132,10,38,80,[23.796373, 90.424614],
132,10,38,80,[23.796373, 90.424614],
132,10,38,80,[23.796373, 90.424614],
132,10,38,80,[23.796373, 90.424614],
132,10,38,80,[23.796373, 90.424614],
132,10,38,80,[23.796373, 90.424614],
132,10,38,80,[23.796373, 90.424614],
132,10,38,80,[23.796373, 90.424614],
132,10,38,80,[23.796373, 90.424614],
132,10,38,80,[23.796373, 90.424614],
132,10,38,80,[23.796373, 90.424614],
132,10,38,80,[23.796373, 90.424614],
132,10,38,80,[23.796373, 90.424614],
132,10,38,80,[23.796373, 90.424614],
132,10,38,80,[23.796373, 90.424614],
132,10,38,80,[23.796373, 90.424614],
132,10,38,80,[23.796373, 90.424614],
132,10,38,80,[23.796373, 90.424614],
132,10,38,80,[23.796373, 90.424614],
132,10,38,80,[23.796373, 90.424614],
132,10,38,80,[23.796373, 90.424614],
132,10,38,80,[23.796373, 90.424614],
132,10,38,80,[23.796373, 90.424614],
132,10,38,80,[23.796373, 90.424614],
132,10,38,80,[23.796373, 90.424614],
132,10,38,80,[23.796373, 90.424614],
132,10,38,80,[23.796373, 90.424614],
132,10,38,80,[23.796373, 90.424614],
132,10,38,80,[23.796373, 90.424614],
132,10,38,80,[23.796373, 90.424614],
132,10,38,80,[23.796373, 90.424614],
132,10,38,80,[23.796373, 90.424614],
132,10,38,80,[23.796373, 90.424614],
132,10,38,80,[23.796373, 90.424614],
132,10,38,80,[23.796373, 90.424614],
132,10,38,80,[23.796373, 90.424614],
132,10,38,80,[23.796373, 90.424614],
132,10,38,80,[23.796373, 90.424614],
132,10,38,80,[23.796373, 90.424614],
132,10,38,80,[23.796373, 90.424614],
132,10,38,80,[23.796373, 90.424614],
132,10,38,80,[23.796373, 90.424614],
132,10,38,80,[23.796373, 90.424614],
132,10,38,80,[23.796373, 90.424614],
132,10,38,80,[23.796373, 90.424614],
132,10,38,80,[23.796373, 90.424614],
132,10,38,80,[23.796373, 90.424614],
132,10,38,80,[23.796373, 90.424614],
132,10,38,80,[23.796373, 90.424614],
132,10,38,80,[23.796373, 90.424614],
132,10,38,80,[23.796373, 90.424614],
132,10,38,80,[23.796373, 90.424614],
132,10,38,80,[23.796373, 90.424614],
132,10,38,80,[23.796373, 90.424614],
132,10,38,80,[23.796373, 90.424614],
132,10,38,80,[23.796373, 90.424614],
132,10,38,80,[23.796373, 90.424614],
132,10,38,80,[23.796373, 90.424614],
37,6,10,19,[14.468867, -60.927389],
37,6,10,19,[14.468867, -60.927389],
37,6,10,19,[14.468867, -60.927389],
32,28,8,31,[54.7117424, 25.2974345],
32,28,8,31,[54.7117424, 25.2974345],
32,28,8,31,[54.7117424, 25.2974345],
32,28,8,31,[54.7117424, 25.2974345],
32,28,8,31,[54.7117424, 25.2974345],
32,28,8,31,[54.7117424, 25.2974345],
32,28,8,31,[54.7117424, 25.2974345],
32,28,8,31,[54.7117424, 25.2974345],
32,28,8,31,[54.7117424, 25.2974345],
32,28,8,31,[54.7117424, 25.2974345],
1,6,43,107,[14.6069387, -90.5169696],
38,4,55,113,[6.4404830932617, 3.4068150520325],
57,37,21,66,[43.864722, 18.419357],
57,37,21,66,[43.864722, 18.419357],
57,37,21,66,[43.864722, 18.419357],
105,36,22,66,[44.531944444444, 18.654722222222],
57,37,21,66,[43.864722, 18.419357],
74,10,23,61,[-25.835814, 25.614534],
74,10,23,61,[-25.835814, 25.614534],
74,10,23,61,[-25.835814, 25.614534],
5,5,51,136,[-20.784689284, -49.398277793],
5,5,51,136,[-20.784689284, -49.398277793],
17,36,13,47,[42.673888888889, 23.282791666667],
21,27,10,34,[42.6483638, 23.4011233],
18,27,10,34,[42.6413301, 23.373074],
32,30,7,25,[43.224389, 27.915733],
17,36,13,47,[42.673888888889, 23.282791666667],
18,27,10,34,[42.6413301, 23.373074],
18,27,10,34,[42.6413301, 23.373074],
18,27,10,34,[42.6413301, 23.373074],
25,31,12,47,[42.7325, 23.298611],
17,36,13,47,[42.673888888889, 23.282791666667],
25,31,12,47,[42.7325, 23.298611],
22,36,13,47,[42.6656601, 23.2702013],
18,27,10,34,[42.6413301, 23.373074],
5,7,29,94,[11.327715, 106.10414],
5,7,29,94,[11.327715, 106.10414],
42,30,9,31,[50.6325574, 5.5796662],
5,7,29,94,[11.327715, 106.10414],
14,8,5,15,[42.3294, -71.0825],
5,7,29,94,[11.327715, 106.10414],
5,7,29,94,[11.327715, 106.10414],
5,7,29,94,[11.327715, 106.10414],
5,7,29,94,[11.327715, 106.10414],
5,7,29,94,[11.327715, 106.10414],
5,7,29,94,[11.327715, 106.10414],
42,6,2,6,[45.434333, -75.676],
34,6,2,6,[45.4215296, -75.6971931],
34,6,2,6,[45.4215296, -75.6971931],
34,6,2,6,[45.4215296, -75.6971931],
34,6,2,6,[45.4215296, -75.6971931],
34,6,2,6,[45.4215296, -75.6971931],
34,6,2,6,[45.4215296, -75.6971931],
34,6,2,6,[45.4215296, -75.6971931],
25,3,13,42,[9.0416479110718, 7.4773740768433],
85,5,153,251,[-33.37677352033, -70.523326784061],
119,2,142,246,[-33.464142, -70.660797],
107,2,142,246,[-33.516630362266, -70.588123961971],
119,2,142,246,[-33.464142, -70.660797],
119,2,142,246,[-33.464142, -70.660797],
119,2,142,246,[-33.464142, -70.660797],
119,2,142,246,[-33.464142, -70.660797],
1,35,18,52,[45.4099034, 8.7875429],
21,2,3,10,[4.5725, -74.0836],
17,2,3,10,[4.62529, -74.06724],
21,2,3,10,[4.5725, -74.0836],
25,2,3,10,[4.637735, -74.09486],
17,2,3,10,[4.62529, -74.06724],
18,1,4,13,[4.645228, -74.06152],
18,1,4,13,[4.645228, -74.06152],
17,2,3,10,[4.62529, -74.06724],
57,2,3,8,[4.78374, -74.04417],
17,2,3,10,[4.62529, -74.06724],
20,2,3,8,[4.70939, -74.03199],
18,1,4,13,[4.645228, -74.06152],
18,1,4,13,[4.645228, -74.06152],
25,2,3,10,[4.637735, -74.09486],
17,2,3,10,[4.62529, -74.06724],
17,2,3,10,[4.62529, -74.06724],
53,35,18,55,[45.800338888889, 15.974072222222],
53,35,18,55,[45.800338888889, 15.974072222222],
53,35,18,55,[45.800338888889, 15.974072222222],
53,35,18,55,[45.800338888889, 15.974072222222],
53,35,18,55,[45.800338888889, 15.974072222222],
53,35,18,55,[45.800338888889, 15.974072222222],
53,35,18,55,[45.800338888889, 15.974072222222],
53,35,18,55,[45.800338888889, 15.974072222222],
94,38,19,56,[45.823716666667, 16.035825],
53,35,18,55,[45.800338888889, 15.974072222222],
53,35,18,55,[45.800338888889, 15.974072222222],
52,7,6,21,[25.471944444444, -80.482777777778],
52,7,6,21,[25.471944444444, -80.482777777778],
52,7,6,21,[25.471944444444, -80.482777777778],
52,7,6,21,[25.471944444444, -80.482777777778],
52,7,6,21,[25.471944444444, -80.482777777778],
52,7,6,21,[25.471944444444, -80.482777777778],
52,7,6,21,[25.471944444444, -80.482777777778],
56,37,15,31,[35.1520595, 33.3476924],
56,37,15,31,[35.1520595, 33.3476924],
56,37,15,31,[35.1520595, 33.3476924],
92,6,27,68,[-1.936231, 30.077951],
92,6,27,68,[-1.936231, 30.077951],
26,8,8,18,[18.070114, -63.081481],
26,8,8,18,[18.070114, -63.081481],
43,3,8,24,[-0.107777, -78.497222],
52,3,5,13,[-0.214933, -78.403253],
26,4,6,11,[10.4160327, -61.4746778],
40,3,7,22,[-0.221393, -78.514005],
40,3,7,22,[-0.221393, -78.514005],
43,3,8,24,[-0.184719, -78.495986],
39,35,16,43,[31.56193, 34.56336],
39,35,16,43,[31.56193, 34.56336],
39,35,16,43,[31.56193, 34.56336],
39,35,16,43,[31.56193, 34.56336],
39,35,16,43,[31.56193, 34.56336],
39,35,16,43,[31.56193, 34.56336],
39,35,16,43,[31.56193, 34.56336],
39,35,16,43,[31.56193, 34.56336],
39,35,16,43,[31.56193, 34.56336],
39,35,16,43,[31.56193, 34.56336],
39,35,16,43,[31.56193, 34.56336],
39,35,16,43,[31.56193, 34.56336],
39,35,16,43,[31.56193, 34.56336],
39,35,16,43,[31.56193, 34.56336],
65,6,26,64,[13.70630556, -89.20011667],
65,6,26,64,[13.70630556, -89.20011667],
65,6,26,64,[13.70630556, -89.20011667],
25,3,13,42,[9.0416479110718, 7.4773740768433],
53,18,54,74,[21.543486, 39.17299],
39,28,8,28,[59.414133, 24.649218],
39,28,8,28,[59.414133, 24.649218],
43,28,8,27,[59.43107, 24.760317],
43,28,8,27,[59.43107, 24.760317],
43,28,8,27,[59.43107, 24.760317],
43,28,8,27,[59.43107, 24.760317],
42,27,8,28,[59.447293, 24.715126],
43,28,8,27,[59.43107, 24.760317],
43,28,8,27,[59.43107, 24.760317],
39,28,8,28,[59.414133, 24.649218],
127,9,240,290,[9.058498, 38.761642],
127,9,240,290,[9.058498, 38.761642],
80,9,240,290,[8.996519, 38.725433],
127,9,240,290,[9.058498, 38.761642],
80,9,240,290,[8.996519, 38.725433],
127,9,240,290,[9.058498, 38.761642],
127,9,240,290,[9.058498, 38.761642],
80,9,240,290,[8.996519, 38.725433],
127,9,240,290,[9.058498, 38.761642],
80,9,240,290,[8.996519, 38.725433],
127,9,240,290,[9.058498, 38.761642],
35,24,10,32,[60.1733244, 24.9410248],
30,24,10,32,[60.16964, 24.93924],
25,25,7,19,[60.22024, 24.81133],
30,24,10,32,[60.16964, 24.93924],
40,26,9,31,[60.19644, 24.95198],
35,24,10,32,[60.1733244, 24.9410248],
35,29,7,24,[61.48226, 21.81329],
40,26,9,31,[60.19644, 24.95198],
35,24,10,32,[60.1733244, 24.9410248],
34,27,9,29,[60.22393, 25.10244],
30,24,10,32,[60.16964, 24.93924],
38,26,9,31,[48.8621, 2.34462],
45,26,9,31,[48.856614, 2.3522219],
40,27,7,21,[48.11521, -1.673088],
55,27,7,23,[48.640929999815, 2.2687200004266],
45,26,9,31,[48.856614, 2.3522219],
45,26,9,31,[48.856614, 2.3522219],
16,26,9,31,[48.8303, 2.26972],
30,26,9,31,[48.8913, 2.24064],
22,32,14,45,[48.588056, 7.729722],
45,26,9,31,[48.856614, 2.3522219],
35,26,9,31,[48.9022, 2.3907],
56,26,9,31,[48.8686, 2.31166],
56,26,9,31,[48.8686, 2.31166],
34,26,8,26,[48.7759, 2.37577],
45,26,9,31,[48.856614, 2.3522219],
38,26,9,31,[48.8621, 2.34462],
56,26,9,31,[48.8686, 2.31166],
45,26,9,31,[48.856614, 2.3522219],
1,35,18,52,[45.4099034, 8.7875429],
38,26,9,31,[48.8621, 2.34462],
45,26,9,31,[48.856614, 2.3522219],
38,26,9,31,[48.8621, 2.34462],
38,26,9,31,[48.8621, 2.34462],
45,26,9,31,[48.856614, 2.3522219],
45,26,9,31,[48.856614, 2.3522219],
45,26,9,31,[48.856614, 2.3522219],
45,26,9,31,[48.856614, 2.3522219],
47,26,9,31,[48.8733, 2.32957],
45,26,9,31,[48.856614, 2.3522219],
35,26,9,31,[48.9022, 2.3907],
45,26,9,31,[48.9251, 2.35654],
45,26,9,31,[48.856614, 2.3522219],
33,26,9,31,[48.8917, 2.34563],
45,26,9,31,[48.856614, 2.3522219],
40,27,7,21,[48.11521, -1.673088],
29,25,15,52,[51.52253, -0.154611],
16,26,9,31,[48.8303, 2.26972],
38,26,9,31,[48.8621, 2.34462],
55,27,7,23,[48.640929999815, 2.2687200004266],
44,28,9,30,[44.800461732357, -0.589397901038],
55,27,7,23,[48.640929999815, 2.2687200004266],
45,26,9,31,[48.856614, 2.3522219],
38,26,9,31,[48.8621, 2.34462],
38,26,9,31,[48.8621, 2.34462],
38,26,9,31,[48.8621, 2.34462],
47,26,9,31,[48.8733, 2.32957],
45,26,9,31,[48.856614, 2.3522219],
45,26,9,31,[48.856614, 2.3522219],
45,26,9,31,[48.856614, 2.3522219],
45,26,9,31,[48.856614, 2.3522219],
38,26,9,31,[48.8621, 2.34462],
74,26,9,31,[48.8386, 2.41278],
38,26,9,31,[48.8621, 2.34462],
38,26,9,31,[48.8621, 2.34462],
54,31,9,30,[43.62358041, 1.438546479],
33,26,9,31,[48.8917, 2.34563],
45,26,9,31,[48.856614, 2.3522219],
45,26,9,31,[48.856614, 2.3522219],
45,26,9,31,[48.856614, 2.3522219],
45,26,9,31,[48.856614, 2.3522219],
56,26,9,31,[48.8686, 2.31166],
38,26,9,31,[48.8621, 2.34462],
35,26,9,31,[48.9022, 2.3907],
45,26,9,31,[48.856614, 2.3522219],
45,26,9,31,[48.856614, 2.3522219],
38,26,9,31,[48.8621, 2.34462],
45,26,9,31,[48.856614, 2.3522219],
20,28,8,27,[48.8408, 2.4844],
38,26,9,31,[48.8621, 2.34462],
56,26,9,31,[48.8686, 2.31166],
45,26,9,31,[48.856614, 2.3522219],
45,26,9,31,[48.856614, 2.3522219],
45,26,9,31,[48.856614, 2.3522219],
45,26,9,31,[48.856614, 2.3522219],
16,26,9,31,[48.8303, 2.26972],
38,26,9,31,[48.8621, 2.34462],
45,26,9,31,[48.856614, 2.3522219],
30,26,9,31,[48.8913, 2.24064],
35,26,9,31,[48.9022, 2.3907],
45,26,9,31,[48.856614, 2.3522219],
35,26,9,31,[48.9022, 2.3907],
45,26,9,31,[48.856614, 2.3522219],
45,26,9,31,[48.856614, 2.3522219],
91,29,11,38,[52.463611, 13.31825],
91,29,11,38,[52.463611, 13.31825],
89,29,11,38,[52.543041, 13.349326],
89,29,11,38,[52.543041, 13.349326],
78,29,11,38,[52.5200066, 13.404954],
38,25,15,52,[51.49467, -0.131931],
89,29,11,38,[52.543041, 13.349326],
89,29,11,38,[52.543041, 13.349326],
91,29,11,38,[52.463611, 13.31825],
47,35,11,36,[52.3758916, 9.7320104],
102,29,11,38,[52.513606, 13.418833],
87,33,15,50,[52.514072, 13.469931],
93,29,11,38,[52.509813, 13.382377],
78,29,11,38,[52.5200066, 13.404954],
89,29,11,38,[52.543041, 13.349326],
93,29,11,38,[52.509813, 13.382377],
34,26,8,27,[51.142082, -0.194181],
91,29,11,38,[52.463611, 13.31825],
87,33,15,50,[52.514072, 13.469931],
93,29,11,38,[52.509813, 13.382377],
78,29,11,38,[52.5200066, 13.404954],
89,29,11,38,[52.543041, 13.349326],
93,29,11,38,[52.509813, 13.382377],
38,4,55,113,[6.4404830932617, 3.4068150520325],
38,4,55,113,[6.4404830932617, 3.4068150520325],
38,4,55,113,[6.4404830932617, 3.4068150520325],
38,4,55,113,[6.4404830932617, 3.4068150520325],
38,4,55,113,[6.4404830932617, 3.4068150520325],
38,4,55,113,[6.4404830932617, 3.4068150520325],
38,4,55,113,[6.4404830932617, 3.4068150520325],
38,4,55,113,[6.4404830932617, 3.4068150520325],
38,4,55,113,[6.4404830932617, 3.4068150520325],
38,4,55,113,[6.4404830932617, 3.4068150520325],
38,4,55,113,[6.4404830932617, 3.4068150520325],
38,4,55,113,[6.4404830932617, 3.4068150520325],
38,4,55,113,[6.4404830932617, 3.4068150520325],
55,4,34,69,[5.36, -4.0083],
74,24,10,28,[37.988028, 23.727628],
74,24,10,28,[37.988028, 23.727628],
74,24,10,28,[37.988028, 23.727628],
74,24,10,28,[37.988028, 23.727628],
74,24,10,28,[37.988028, 23.727628],
74,24,10,28,[37.988028, 23.727628],
70,27,23,65,[37.9432869, 23.64751053],
74,24,10,28,[37.988028, 23.727628],
74,24,10,28,[37.988028, 23.727628],
51,36,15,48,[37.99510574, 23.81941795],
70,27,23,65,[37.9432869, 23.64751053],
1,6,43,107,[14.6069387, -90.5169696],
1,6,43,107,[14.6069387, -90.5169696],
1,6,43,107,[14.6069387, -90.5169696],
1,6,43,107,[14.6069387, -90.5169696],
1,6,43,107,[14.6069387, -90.5169696],
55,4,34,69,[5.36, -4.0083],
26,8,8,18,[18.070114, -63.081481],
26,8,8,18,[18.070114, -63.081481],
26,8,8,18,[18.070114, -63.081481],
26,8,8,18,[18.070114, -63.081481],
26,8,8,18,[18.070114, -63.081481],
124,5,24,60,[13.71518889, -89.15481944],
57,37,11,41,[48.159614, 18.978505],
57,37,11,41,[48.159614, 18.978505],
57,37,11,41,[48.159614, 18.978505],
57,37,11,41,[48.159614, 18.978505],
57,37,11,41,[48.159614, 18.978505],
36,26,7,21,[47.4685, -0.555933],
57,37,11,41,[48.159614, 18.978505],
57,37,11,41,[48.159614, 18.978505],
57,37,11,41,[48.159614, 18.978505],
57,37,11,41,[48.159614, 18.978505],
57,37,11,41,[48.159614, 18.978505],
57,37,11,41,[48.159614, 18.978505],
57,37,11,41,[48.159614, 18.978505],
57,37,11,41,[48.159614, 18.978505],
57,37,11,41,[48.159614, 18.978505],
57,37,11,41,[48.159614, 18.978505],
57,37,11,41,[48.159614, 18.978505],
57,37,11,41,[48.159614, 18.978505],
57,37,11,41,[48.159614, 18.978505],
15,21,4,13,[64.142, -21.946],
15,21,4,13,[64.142, -21.946],
15,21,4,13,[64.142, -21.946],
34,23,15,51,[64.13, -21.875],
15,21,4,13,[64.142, -21.946],
63,11,45,89,[28.531314, 77.270686],
41,10,55,121,[30.269444, 78.044167],
99,10,46,91,[28.5648, 77.1744],
57,15,46,101,[28.964949, 77.278761],
99,10,46,91,[28.5648, 77.1744],
124,9,140,240,[-6.182536, 106.834236],
124,9,140,240,[-6.182536, 106.834236],
124,9,140,240,[-6.182536, 106.834236],
124,9,140,240,[-6.182536, 106.834236],
124,9,140,240,[-6.182536, 106.834236],
124,9,140,240,[-6.182536, 106.834236],
124,9,140,240,[-6.182536, 106.834236],
124,9,140,240,[-6.182536, 106.834236],
124,9,140,240,[-6.182536, 106.834236],
47,22,67,69,[34.5097412, 45.5740953],
47,22,67,69,[34.5097412, 45.5740953],
47,22,67,69,[34.5097412, 45.5740953],
47,22,67,69,[34.5097412, 45.5740953],
47,22,67,69,[34.5097412, 45.5740953],
47,22,67,69,[34.5097412, 45.5740953],
47,22,67,69,[34.5097412, 45.5740953],
47,22,67,69,[34.5097412, 45.5740953],
47,22,67,69,[34.5097412, 45.5740953],
47,22,67,69,[34.5097412, 45.5740953],
53,36,17,49,[31.79445, 35.21997],
37,36,17,49,[31.789032, 35.202641],
37,36,17,49,[31.768319, 35.21371],
37,36,17,49,[31.789032, 35.202641],
53,36,17,49,[31.79445, 35.21997],
36,36,16,48,[31.65647, 35.11681],
37,36,17,49,[31.75709, 35.21741],
37,36,17,49,[31.768319, 35.21371],
37,36,17,49,[31.789032, 35.202641],
53,36,17,49,[31.79445, 35.21997],
37,36,17,49,[31.768319, 35.21371],
37,36,17,49,[31.75709, 35.21741],
37,36,17,49,[31.768319, 35.21371],
53,36,14,47,[41.8482263, 12.5759027],
42,34,14,49,[41.8932669, 12.4753855],
50,36,15,49,[41.9248746, 12.4934413],
50,36,15,49,[41.9248746, 12.4934413],
53,36,14,47,[41.8482263, 12.5759027],
1,35,18,52,[45.4099034, 8.7875429],
53,36,14,47,[41.8482263, 12.5759027],
42,34,14,49,[41.8932669, 12.4753855],
50,36,15,49,[41.9248746, 12.4934413],
42,34,14,49,[41.8932669, 12.4753855],
42,34,14,49,[41.8932669, 12.4753855],
50,36,14,47,[41.9363397, 12.6544146],
42,34,14,49,[41.8932669, 12.4753855],
42,34,14,49,[41.8932669, 12.4753855],
42,34,14,49,[41.8932669, 12.4753855],
55,34,14,49,[41.9328321, 12.5012473],
42,34,14,49,[41.8932669, 12.4753855],
42,34,14,49,[41.8932669, 12.4753855],
53,34,14,49,[41.9071831, 12.4466876],
53,34,14,49,[41.9071831, 12.4466876],
42,34,14,49,[41.8932669, 12.4753855],
53,34,14,49,[41.9071831, 12.4466876],
42,34,14,49,[41.8932669, 12.4753855],
53,34,14,49,[41.9071831, 12.4466876],
42,34,14,49,[41.8932669, 12.4753855],
53,34,14,49,[41.9071831, 12.4466876],
53,34,14,49,[41.9071831, 12.4466876],
50,36,15,49,[41.9248746, 12.4934413],
42,34,14,49,[41.8932669, 12.4753855],
42,34,14,49,[41.8932669, 12.4753855],
16,31,44,95,[35.7334675, 139.7551411],
10,16,44,91,[35.6622228, 139.4280321],
6,31,50,113,[35.6422723, 139.7354456],
12,31,50,113,[35.6639824, 139.6979483],
12,31,50,113,[35.6639824, 139.6979483],
12,31,50,113,[35.6639824, 139.6979483],
6,31,50,113,[35.6422723, 139.7354456],
7,24,44,112,[35.5213336, 139.4078666],
10,31,42,93,[35.7003943, 139.6824123],
5,27,42,110,[35.3728393, 139.3847442],
12,31,50,113,[35.6639824, 139.6979483],
10,31,42,93,[35.6905576, 139.6022801],
16,31,44,95,[35.7334675, 139.7551411],
14,31,44,95,[35.692745, 139.7680749],
16,31,44,95,[35.7334675, 139.7551411],
11,31,44,95,[35.7193411, 139.7347261],
9,30,42,102,[35.6516036, 139.595188],
25,34,16,34,[32.022758, 35.847744],
46,34,16,34,[31.94502, 35.8805],
26,34,16,34,[31.987677, 35.823448],
25,34,16,34,[32.022758, 35.847744],
46,34,16,34,[31.94502, 35.8805],
25,34,16,34,[32.022758, 35.847744],
9,12,42,92,[51.125286, 71.46722],
9,12,42,92,[51.125286, 71.46722],
9,12,42,92,[51.125286, 71.46722],
143,6,33,58,[-1.23437, 36.81732],
143,6,33,58,[-1.23437, 36.81732],
143,6,33,58,[-1.23437, 36.81732],
143,6,33,58,[-1.23437, 36.81732],
143,6,33,58,[-1.23437, 36.81732],
143,6,33,58,[-1.23437, 36.81732],
143,6,33,58,[-1.23437, 36.81732],
143,6,33,58,[-1.23437, 36.81732],
143,6,33,58,[-1.23437, 36.81732],
143,6,33,58,[-1.23437, 36.81732],
143,6,33,58,[-1.23437, 36.81732],
143,6,33,58,[-1.23437, 36.81732],
143,6,33,58,[-1.23437, 36.81732],
61,14,57,87,[42.827625, 74.58384],
61,14,57,87,[42.827625, 74.58384],
61,14,57,87,[42.827625, 74.58384],
61,14,57,87,[42.827625, 74.58384],
61,14,57,87,[42.827625, 74.58384],
61,14,57,87,[42.827625, 74.58384],
87,24,5,20,[56.316814, 22.903861],
87,24,5,20,[56.316814, 22.903861],
87,24,5,20,[56.316814, 22.903861],
87,24,5,20,[56.316814, 22.903861],
87,24,5,20,[56.316814, 22.903861],
87,24,5,20,[56.316814, 22.903861],
87,24,5,20,[56.316814, 22.903861],
87,24,5,20,[56.316814, 22.903861],
87,24,5,20,[56.316814, 22.903861],
87,24,5,20,[56.316814, 22.903861],
87,24,5,20,[56.316814, 22.903861],
87,24,5,20,[56.316814, 22.903861],
87,24,5,20,[56.316814, 22.903861],
1,24,5,20,[56.316814, 22.903861],
1,24,5,20,[56.316814, 22.903861],
1,24,5,20,[56.316814, 22.903861],
1,24,5,20,[56.316814, 22.903861],
48,36,19,41,[32.88966, 35.09703],
48,36,19,41,[32.88966, 35.09703],
48,36,19,41,[32.88966, 35.09703],
48,36,19,41,[32.88966, 35.09703],
48,36,19,41,[32.88966, 35.09703],
48,36,19,41,[32.88966, 35.09703],
48,36,19,41,[32.88966, 35.09703],
48,36,19,41,[32.88966, 35.09703],
55,4,34,69,[5.36, -4.0083],
55,4,34,69,[5.36, -4.0083],
55,4,34,69,[5.36, -4.0083],
55,4,34,69,[5.36, -4.0083],
46,29,7,25,[54.8878169, 23.845993],
34,28,8,31,[54.7117424, 25.2974345],
34,28,8,31,[54.7117424, 25.2974345],
34,28,8,31,[54.7117424, 25.2974345],
34,28,8,31,[54.7117424, 25.2974345],
34,28,8,31,[54.7117424, 25.2974345],
34,28,8,31,[54.7117424, 25.2974345],
62,32,7,23,[55.6848552, 21.1840107],
34,28,8,31,[54.7117424, 25.2974345],
34,28,8,31,[54.7117424, 25.2974345],
61,8,12,33,[-18.908479690552, 47.537509918213],
61,8,12,33,[-18.908479690552, 47.537509918213],
172,10,38,80,[23.796373, 90.424614],
75,12,23,76,[3.321308, 101.256242],
59,3,26,82,[3.15675, 101.72145],
77,2,24,75,[3.133169, 101.608011],
75,4,22,73,[3.212439, 101.682228],
75,4,22,73,[3.212439, 101.682228],
59,3,26,82,[3.15675, 101.72145],
59,3,26,82,[3.15675, 101.72145],
59,3,26,82,[3.15675, 101.72145],
80,3,25,73,[2.821692, 101.811486],
59,3,26,82,[3.15675, 101.72145],
58,5,41,78,[8.5149093, 76.9435879],
58,5,41,78,[8.5149093, 76.9435879],
50,39,16,50,[35.897778, 14.489444],
50,39,16,50,[35.897778, 14.489444],
26,12,7,10,[27.772603802631, -15.541856141447],
20,10,11,15,[-20.910583333333, 55.618916666667],
59,14,41,95,[19.3262, -99.1761],
59,14,41,95,[19.3262, -99.1761],
53,16,34,77,[19.325146, -99.204136],
59,14,41,95,[19.371612, -99.158969],
10,16,34,77,[19.40405, -99.202603],
57,15,40,79,[19.2721, -99.207658],
10,16,34,77,[19.40405, -99.202603],
59,14,41,95,[19.371612, -99.158969],
63,14,39,83,[19.304441, -99.103629],
59,14,41,95,[19.371612, -99.158969],
10,16,34,77,[19.40405, -99.202603],
10,16,34,77,[19.40405, -99.202603],
53,16,34,77,[19.325146, -99.204136],
80,14,28,68,[19.529077, -99.204597],
57,15,40,79,[19.2721, -99.207658],
80,14,28,68,[19.529077, -99.204597],
68,14,41,95,[19.360794, -99.07388],
63,14,39,83,[19.304441, -99.103629],
80,14,28,68,[19.529077, -99.204597],
80,14,28,68,[19.529077, -99.204597],
80,14,28,68,[19.529077, -99.204597],
68,14,41,95,[19.371612, -99.158969],
61,9,15,38,[18.90861, -99.21167],
59,16,34,77,[19.325146, -99.204136],
80,14,28,68,[19.529077, -99.204597],
59,16,34,77,[19.325146, -99.204136],
59,14,41,95,[19.3262, -99.1761],
59,16,34,77,[19.325146, -99.204136],
68,14,41,95,[19.371612, -99.158969],
63,14,39,83,[19.304441, -99.103629],
10,16,34,77,[19.40405, -99.202603],
59,14,41,95,[19.3262, -99.1761],
59,14,41,95,[19.3262, -99.1761],
68,14,41,95,[19.371612, -99.158969],
68,14,41,95,[19.371612, -99.158969],
72,11,32,57,[47.913429, 106.997907],
56,9,148,173,[47.9329056, 106.9213833],
56,9,148,173,[47.928387, 106.92947],
39,9,148,173,[47.894281, 106.882475],
46,11,32,56,[47.8664611, 107.1180194],
51,9,148,173,[47.9176056, 106.9373611],
52,32,8,28,[42.448087, 19.240889],
52,32,8,28,[42.448087, 19.240889],
52,32,8,28,[42.448087, 19.240889],
52,32,8,28,[42.448087, 19.240889],
52,32,8,28,[42.448087, 19.240889],
52,32,8,28,[42.448087, 19.240889],
52,32,8,28,[42.448087, 19.240889],
52,32,8,28,[42.448087, 19.240889],
52,32,8,28,[42.448087, 19.240889],
52,32,8,28,[42.448087, 19.240889],
52,32,8,28,[42.448087, 19.240889],
33,41,19,49,[36.460594405413, -6.2030661968542],
48,45,11,32,[36.233864730459, -5.6634960942353],
48,45,11,32,[36.233864730459, -5.6634960942353],
48,45,11,32,[36.233864730459, -5.6634960942353],
48,45,11,32,[36.233864730459, -5.6634960942353],
14,11,45,114,[-26.493348, 29.968054],
12,7,8,9,[-31.398641, 19.140214],
12,7,8,9,[-31.398641, 19.140214],
149,7,2,5,[-41.52663988, 173.95608203],
105,8,1,3,[-39.6778, 175.80084],
17,4,8,31,[9.949488, -84.142876],
17,4,8,31,[9.949488, -84.142876],
17,4,8,31,[9.949488, -84.142876],
17,4,8,31,[9.949488, -84.142876],
114,4,15,30,[12.304907, -1.497184],
114,4,15,30,[12.304907, -1.497184],
19,3,13,42,[9.0416479110718, 7.4773740768433],
62,33,8,26,[59.9169444, 10.766],
59,33,8,26,[59.93231, 10.72455],
59,33,8,26,[59.93231, 10.72455],
59,33,8,26,[59.93231, 10.72455],
59,33,8,26,[59.93231, 10.72455],
66,33,8,26,[59.914051, 10.735978],
59,33,8,26,[59.93231, 10.72455],
62,33,8,26,[59.9169444, 10.766],
66,33,8,26,[59.914051, 10.735978],
66,33,8,26,[59.92305, 10.76574],
59,33,8,26,[59.93231, 10.72455],
59,33,8,26,[59.93231, 10.72455],
66,33,8,26,[59.92305, 10.76574],
66,33,8,26,[59.92305, 10.76574],
58,32,7,26,[58.14888, 7.99183],
96,31,97,138,[24.219, 55.7348],
97,20,52,125,[33.7235, 73.11822],
97,20,52,125,[33.7235, 73.11822],
97,20,52,125,[33.7235, 73.11822],
97,20,52,125,[33.7235, 73.11822],
97,20,52,125,[33.7235, 73.11822],
97,20,52,125,[33.7235, 73.11822],
97,20,52,125,[33.7235, 73.11822],
97,20,52,125,[33.7235, 73.11822],
93,8,140,157,[24.8415, 67.0091],
97,20,52,125,[33.7235, 73.11822],
97,20,52,125,[33.7235, 73.11822],
97,20,52,125,[33.7235, 73.11822],
97,20,52,125,[33.7235, 73.11822],
97,20,52,125,[33.7235, 73.11822],
97,20,52,125,[33.7235, 73.11822],
97,20,52,125,[33.7235, 73.11822],
97,20,52,125,[33.7235, 73.11822],
97,20,52,125,[33.7235, 73.11822],
97,20,52,125,[33.7235, 73.11822],
17,4,8,31,[9.949488, -84.142876],
17,4,8,31,[9.949488, -84.142876],
17,4,8,31,[9.949488, -84.142876],
17,4,8,31,[9.949488, -84.142876],
10,3,39,111,[-22.119936735, -51.408777068],
10,3,39,111,[-22.119936735, -51.408777068],
59,10,33,61,[-12.16639, -76.92],
29,5,37,80,[-12.04302, -76.97144],
2,10,27,59,[-12.10859, -77.00769],
6,10,27,59,[-12.07054, -77.04322],
2,10,27,59,[-12.10859, -77.00769],
29,5,37,80,[-12.04302, -76.97144],
6,10,27,59,[-12.07054, -77.04322],
34,2,6,21,[6.4369602, -75.3303986],
2,10,27,59,[-12.10859, -77.00769],
29,5,37,80,[-12.04302, -76.97144],
33,4,3,7,[-0.333949, -78.553416],
2,10,27,59,[-12.10859, -77.00769],
2,10,27,59,[-12.10859, -77.00769],
25,9,28,62,[-12.00889, -77.08447],
6,10,27,59,[-12.07054, -77.04322],
6,10,27,59,[-12.07054, -77.04322],
29,5,37,80,[-12.04302, -76.97144],
25,9,28,62,[-12.00889, -77.08447],
6,10,27,59,[-12.07054, -77.04322],
29,5,37,80,[-12.04302, -76.97144],
17,9,15,44,[21.958069, 120.788928],
17,9,15,44,[21.958069, 120.788928],
17,9,15,44,[21.958069, 120.788928],
17,9,15,44,[21.958069, 120.788928],
17,9,15,44,[21.958069, 120.788928],
17,9,15,44,[21.958069, 120.788928],
17,9,15,44,[21.958069, 120.788928],
17,9,15,44,[21.958069, 120.788928],
17,9,15,44,[21.958069, 120.788928],
17,9,15,44,[21.958069, 120.788928],
17,9,15,44,[21.958069, 120.788928],
17,9,15,44,[21.958069, 120.788928],
17,9,15,44,[21.958069, 120.788928],
17,9,15,44,[21.958069, 120.788928],
17,9,15,44,[21.958069, 120.788928],
17,9,15,44,[21.958069, 120.788928],
17,9,15,44,[21.958069, 120.788928],
17,9,15,44,[21.958069, 120.788928],
60,28,20,63,[52.225171, 21.014783],
60,28,20,63,[52.225171, 21.014783],
60,28,20,63,[52.225171, 21.014783],
63,28,20,63,[52.290915, 21.042459],
59,39,21,67,[52.191789, 20.837494],
58,40,18,60,[52.160838, 21.033815],
60,28,20,63,[52.225171, 21.014783],
63,28,20,63,[52.290915, 21.042459],
60,28,20,63,[52.225171, 21.014783],
58,40,18,60,[52.160838, 21.033815],
63,28,20,63,[52.290915, 21.042459],
58,40,18,60,[52.160838, 21.033815],
60,28,20,63,[52.225171, 21.014783],
60,28,20,63,[52.225171, 21.014783],
60,28,20,63,[52.225171, 21.014783],
60,28,20,63,[52.225171, 21.014783],
60,28,20,63,[52.225171, 21.014783],
60,28,20,63,[52.225171, 21.014783],
22,24,12,40,[38.748611111111, -9.1488888888889],
22,24,12,40,[38.748611111111, -9.1488888888889],
22,24,12,40,[38.748611111111, -9.1488888888889],
22,24,12,40,[38.748611111111, -9.1488888888889],
22,24,12,40,[38.748611111111, -9.1488888888889],
22,24,12,40,[38.748611111111, -9.1488888888889],
22,24,12,40,[38.748611111111, -9.1488888888889],
22,24,12,40,[38.748611111111, -9.1488888888889],
20,24,15,49,[41.274166666667, -8.3761111111111],
22,24,12,40,[38.748611111111, -9.1488888888889],
22,24,12,40,[38.748611111111, -9.1488888888889],
22,24,12,40,[38.748611111111, -9.1488888888889],
22,24,12,40,[38.748611111111, -9.1488888888889],
22,24,12,40,[38.748611111111, -9.1488888888889],
109,26,102,120,[25.3337, 51.22953],
109,26,102,120,[25.3337, 51.22953],
109,26,102,120,[25.3337, 51.22953],
3,21,8,19,[53.347863, -6.243785],
3,21,8,19,[53.347863, -6.243785],
21,26,6,16,[53.286763, -6.173349],
1,21,8,19,[53.343628, -6.270197],
1,21,8,19,[53.343628, -6.270197],
21,21,8,19,[53.336295000214, -6.3090199999589],
22,21,10,30,[53.385636000137, -6.3699340002986],
3,21,8,19,[53.347863, -6.243785],
1,21,8,19,[53.343628, -6.270197],
22,21,8,19,[53.345840000035, -6.2947949995684],
1,21,8,19,[53.343628, -6.270197],
19,25,6,15,[53.280541000076, -6.3588420002256],
21,26,6,16,[53.286763, -6.173349],
3,21,8,19,[53.347863, -6.243785],
20,21,8,19,[53.338252, -6.280805],
23,25,5,14,[53.311838999844, -6.2353160004029],
3,21,8,19,[53.347863, -6.243785],
1,21,8,19,[53.343628, -6.270197],
21,26,6,16,[53.286763, -6.173349],
3,21,8,19,[53.347863, -6.243785],
16,21,10,30,[53.318902, -6.32176],
1,21,8,19,[53.343628, -6.270197],
27,21,8,19,[53.322562, -6.237014],
27,21,8,19,[53.322562, -6.237014],
20,21,8,19,[53.338252, -6.280805],
21,26,6,16,[53.286763, -6.173349],
3,21,8,19,[53.347863, -6.243785],
1,21,8,19,[53.343628, -6.270197],
3,21,8,19,[53.347863, -6.243785],
18,21,8,19,[53.33192, -6.215766],
1,21,8,19,[53.343628, -6.270197],
3,21,8,19,[53.347863, -6.243785],
15,31,12,42,[44.4185543, 26.1615982],
45,31,13,45,[44.4258997, 26.0544366],
45,31,13,45,[44.4258997, 26.0544366],
45,31,13,45,[44.4258997, 26.0544366],
49,30,13,45,[44.4556327, 26.0251529],
45,31,13,45,[44.4258997, 26.0544366],
45,31,13,45,[44.4258997, 26.0544366],
45,31,13,45,[44.4258997, 26.0544366],
15,31,12,42,[44.4185543, 26.1615982],
45,31,13,45,[44.4258997, 26.0544366],
15,31,12,42,[44.4185543, 26.1615982],
15,31,12,42,[44.4185543, 26.1615982],
45,31,13,45,[44.4258997, 26.0544366],
45,31,13,45,[44.4258997, 26.0544366],
45,31,13,45,[44.4258997, 26.0544366],
45,31,13,45,[44.4258997, 26.0544366],
49,30,13,45,[44.4556327, 26.0251529],
2,17,18,51,[55.718774, 37.570271],
32,17,18,51,[55.76385, 37.6621],
77,17,10,34,[55.708638, 37.479385],
32,17,18,51,[55.759354, 37.595584],
32,17,18,51,[55.759354, 37.595584],
77,17,10,34,[55.708638, 37.479385],
1,18,10,36,[55.535478, 37.57936],
77,17,10,34,[55.708638, 37.479385],
32,17,18,51,[55.759354, 37.595584],
77,17,10,34,[55.708638, 37.479385],
32,17,18,51,[55.76385, 37.6621],
32,17,18,51,[55.76385, 37.6621],
32,17,18,51,[55.759354, 37.595584],
32,17,18,51,[55.759354, 37.595584],
32,17,18,51,[55.76385, 37.6621],
4,17,11,35,[55.688043, 37.863004],
2,17,18,51,[55.718774, 37.570271],
32,17,18,51,[55.759354, 37.595584],
32,17,18,51,[55.759354, 37.595584],
32,17,18,51,[55.759354, 37.595584],
77,17,10,34,[55.708638, 37.479385],
77,17,10,34,[55.708638, 37.479385],
77,17,10,34,[55.708638, 37.479385],
32,17,18,51,[55.759354, 37.595584],
32,17,18,51,[55.759354, 37.595584],
2,17,18,51,[55.718774, 37.570271],
32,17,18,51,[55.759354, 37.595584],
77,17,10,34,[55.708638, 37.479385],
32,17,18,51,[55.759354, 37.595584],
4,17,11,35,[55.688043, 37.863004],
2,17,18,51,[55.718774, 37.570271],
32,17,18,51,[55.759354, 37.595584],
32,17,18,51,[55.759354, 37.595584],
32,17,18,51,[55.76385, 37.6621],
32,17,18,51,[55.759354, 37.595584],
2,17,18,51,[55.718774, 37.570271],
32,17,18,51,[55.759354, 37.595584],
2,17,18,51,[55.718774, 37.570271],
77,17,10,34,[55.708638, 37.479385],
2,21,5,16,[55.994145, 37.172252],
77,17,10,34,[55.708638, 37.479385],
32,17,18,51,[55.76385, 37.6621],
32,17,18,51,[55.759354, 37.595584],
2,17,18,51,[55.718774, 37.570271],
2,17,18,51,[55.718774, 37.570271],
32,17,18,51,[55.759354, 37.595584],
32,17,18,51,[55.759354, 37.595584],
32,17,18,51,[55.759354, 37.595584],
32,17,18,51,[55.759354, 37.595584],
32,17,18,51,[55.76385, 37.6621],
77,17,10,34,[55.708638, 37.479385],
32,17,18,51,[55.76385, 37.6621],
32,17,18,51,[55.76385, 37.6621],
77,17,10,34,[55.708638, 37.479385],
95,6,27,68,[-1.936231, 30.077951],
95,6,27,68,[-1.936231, 30.077951],
29,8,8,18,[18.070114, -63.081481],
29,8,8,18,[18.070114, -63.081481],
29,8,8,18,[18.070114, -63.081481],
38,6,10,19,[14.468867, -60.927389],
38,6,10,19,[14.468867, -60.927389],
80,26,101,131,[26.204697, 50.57083],
80,26,101,131,[26.204697, 50.57083],
80,26,101,131,[26.204697, 50.57083],
80,26,101,131,[26.204697, 50.57083],
80,26,101,131,[26.204697, 50.57083],
80,26,101,131,[26.204697, 50.57083],
80,26,101,131,[26.204697, 50.57083],
80,26,101,131,[26.204697, 50.57083],
80,26,101,131,[26.204697, 50.57083],
80,26,101,131,[26.204697, 50.57083],
24,13,6,8,[27.831949454874, -17.921644512378],
24,13,6,8,[27.831949454874, -17.921644512378],
24,13,6,8,[27.831949454874, -17.921644512378],
73,37,23,69,[44.821, 20.459222222222],
55,37,23,69,[44.82112, 20.459113],
73,37,23,69,[44.821, 20.459222222222],
58,31,14,49,[44.796959, 20.475288],
73,37,23,69,[44.821, 20.459222222222],
58,31,14,49,[44.796959, 20.475288],
61,31,14,49,[44.794262, 20.463173],
57,31,14,49,[44.777237, 20.457029],
73,37,23,69,[44.821, 20.459222222222],
63,31,14,49,[44.796427, 20.486154],
57,31,14,49,[44.777237, 20.457029],
61,37,25,72,[44.835246, 20.403299],
58,31,14,49,[44.796959, 20.475288],
56,31,14,49,[44.788646, 20.444507],
54,37,24,72,[44.803111111111, 20.400027777778],
73,37,23,69,[44.821, 20.459222222222],
57,31,14,49,[44.777237, 20.457029],
55,37,23,69,[44.82112, 20.459113],
55,4,34,69,[5.36, -4.0083],
55,4,34,69,[5.36, -4.0083],
55,4,34,69,[5.36, -4.0083],
74,36,12,44,[48.1448688, 17.1130846],
85,36,12,44,[48.1684184, 17.1078752],
74,36,12,44,[48.1448688, 17.1130846],
74,36,12,44,[48.1448688, 17.1130846],
74,36,12,44,[48.1448688, 17.1130846],
85,36,12,44,[48.1684184, 17.1078752],
85,36,12,44,[48.1684184, 17.1078752],
59,41,15,51,[46.037791, 14.494001],
59,41,15,51,[46.037791, 14.494001],
65,44,15,53,[45.955569063015, 13.652389822931],
63,38,17,56,[46.065851, 14.517454],
82,7,5,11,[-21.1595, 149.1549],
143,6,33,58,[-1.23437, 36.81732],
143,6,33,58,[-1.23437, 36.81732],
21,7,13,25,[-33.9155, 18.643556],
25,7,13,25,[-33.9025, 18.565194],
6,8,10,17,[-33.927546, 18.482759],
43,9,8,12,[-33.913833, 18.425167],
49,39,16,50,[35.8555556, 14.5333333],
6,8,10,17,[-33.927546, 18.482759],
6,8,10,17,[-33.927546, 18.482759],
6,8,10,17,[-33.927546, 18.482759],
6,8,10,17,[-33.927546, 18.482759],
43,9,8,12,[-33.913833, 18.425167],
6,8,10,17,[-33.927546, 18.482759],
95,6,27,68,[-1.936231, 30.077951],
30,22,10,32,[40.4167754, -3.7037902],
30,22,10,32,[40.4167754, -3.7037902],
30,22,10,32,[40.4167754, -3.7037902],
30,22,10,32,[40.4167754, -3.7037902],
9,22,10,32,[40.445542, -3.707129],
30,22,10,32,[40.4167754, -3.7037902],
59,24,38,72,[41.38534, 2.153822],
63,25,10,33,[40.421562, -3.682319],
25,22,10,31,[40.419352, -3.747346],
30,22,10,32,[40.4167754, -3.7037902],
21,22,10,32,[40.439891, -3.690366],
63,25,10,33,[40.421562, -3.682319],
9,22,10,32,[40.445542, -3.707129],
53,18,54,74,[21.543486, 39.17299],
53,18,54,74,[21.543486, 39.17299],
53,18,54,74,[21.543486, 39.17299],
53,18,54,74,[21.543486, 39.17299],
53,18,54,74,[21.543486, 39.17299],
53,18,54,74,[21.543486, 39.17299],
53,18,54,74,[21.543486, 39.17299],
53,18,54,74,[21.543486, 39.17299],
53,18,54,74,[21.543486, 39.17299],
53,18,54,74,[21.543486, 39.17299],
53,18,54,74,[21.543486, 39.17299],
53,18,54,74,[21.543486, 39.17299],
15,4,2,3,[5.16425, -52.6465],
39,34,8,29,[59.44592161984784, 17.95499263300909],
27,34,9,30,[59.3146033825323, 18.0771383476735],
29,30,9,31,[59.3408269502832, 18.0582536812784],
29,30,9,31,[59.3408269502832, 18.0582536812784],
29,30,9,31,[59.3408269502832, 18.0582536812784],
15,30,9,31,[59.31330008340998, 18.004038969950518],
49,30,9,31,[59.340500235637215, 18.037016134124812],
29,30,9,31,[59.3408269502832, 18.0582536812784],
27,34,9,30,[59.3146033825323, 18.0771383476735],
41,29,10,31,[46.951111111111, 7.4408333333333],
47,31,15,38,[47.438727425121, 8.5701197998635],
41,29,10,31,[46.951111111111, 7.4408333333333],
35,37,13,38,[32.557751, 35.845016],
35,37,13,38,[32.557751, 35.845016],
35,37,13,38,[32.557751, 35.845016],
35,37,13,38,[32.557751, 35.845016],
104,13,54,89,[38.55767, 68.77592],
104,13,54,89,[38.55767, 68.77592],
104,13,54,89,[38.55767, 68.77592],
104,13,54,89,[38.55767, 68.77592],
143,6,33,58,[-1.23437, 36.81732],
143,6,33,58,[-1.23437, 36.81732],
68,1,26,82,[13.729852, 100.536501],
68,1,26,82,[13.729852, 100.536501],
65,1,20,68,[13.666183, 100.605742],
68,1,26,82,[13.729852, 100.536501],
61,1,26,82,[13.7563309, 100.5017651],
46,1,22,72,[13.779873, 100.646009],
70,1,26,84,[13.7054879, 100.315622],
78,1,26,82,[13.727622, 100.486568],
61,1,26,82,[13.7563309, 100.5017651],
55,1,24,79,[13.907861, 100.535641],
61,1,26,82,[13.7563309, 100.5017651],
70,1,26,84,[13.7054879, 100.315622],
59,1,25,80,[14.03742, 100.605216],
30,4,19,31,[13.428581, 100.024664],
59,1,25,80,[14.03742, 100.605216],
61,1,26,82,[13.7563309, 100.5017651],
61,1,26,82,[13.7563309, 100.5017651],
68,1,26,82,[13.729852, 100.536501],
50,1,26,82,[13.8069333, 100.5355167],
55,1,24,79,[13.907861, 100.535641],
61,1,26,82,[13.7563309, 100.5017651],
53,1,18,65,[14.526343, 100.926047],
61,1,22,72,[13.769634, 100.614567],
61,1,22,72,[13.769634, 100.614567],
46,1,22,72,[13.779873, 100.646009],
50,1,26,82,[13.8069333, 100.5355167],
57,1,19,68,[13.652141, 100.531805],
55,1,24,79,[13.907861, 100.535641],
55,1,24,79,[13.907861, 100.535641],
93,1,26,82,[13.76251667, 100.5502],
46,1,22,72,[13.7954248, 100.5930298],
55,1,24,79,[13.907861, 100.535641],
78,1,22,72,[13.77553, 100.569195],
46,1,22,72,[13.779873, 100.646009],
55,1,24,79,[13.907861, 100.535641],
61,1,22,72,[13.769634, 100.614567],
78,1,22,72,[13.77553, 100.569195],
59,1,25,80,[14.03742, 100.605216],
39,4,55,113,[6.4404830932617, 3.4068150520325],
51,44,13,41,[36.0611111, 14.2091667],
51,44,13,41,[36.0611111, 14.2091667],
51,44,13,41,[36.0611111, 14.2091667],
51,44,13,41,[36.0611111, 14.2091667],
51,44,13,41,[36.0611111, 14.2091667],
51,44,13,41,[36.0611111, 14.2091667],
51,44,13,41,[36.0611111, 14.2091667],
51,44,13,41,[36.0611111, 14.2091667],
16,25,7,22,[39.861041, 32.640589],
30,25,11,38,[39.91832282586664, 32.82290472883654],
25,25,11,38,[39.857433511507764, 32.858460545539835],
30,25,11,38,[39.91832282586664, 32.82290472883654],
59,25,11,38,[39.92706513272927, 32.86001400920846],
16,25,7,22,[39.861041, 32.640589],
35,25,8,25,[39.953754, 32.726386],
35,25,8,25,[39.953754, 32.726386],
16,25,7,22,[39.861041, 32.640589],
30,25,11,38,[39.91832282586664, 32.82290472883654],
30,25,11,38,[39.91832282586664, 32.82290472883654],
59,25,11,38,[39.92706513272927, 32.86001400920846],
63,16,53,62,[37.9415, 58.3879],
63,16,53,62,[37.9415, 58.3879],
63,16,53,62,[37.9415, 58.3879],
63,16,53,62,[37.9415, 58.3879],
63,16,53,62,[37.9415, 58.3879],
63,16,53,62,[37.9415, 58.3879],
63,16,53,62,[37.9415, 58.3879],
95,6,27,68,[-1.936231, 30.077951],
95,6,27,68,[-1.936231, 30.077951],
95,6,27,68,[-1.936231, 30.077951],
95,6,27,68,[-1.936231, 30.077951],
95,6,27,68,[-1.936231, 30.077951],
95,6,27,68,[-1.936231, 30.077951],
95,6,27,68,[-1.936231, 30.077951],
95,6,27,68,[-1.936231, 30.077951],
95,6,27,68,[-1.936231, 30.077951],
95,6,27,68,[-1.936231, 30.077951],
95,6,27,68,[-1.936231, 30.077951],
95,6,27,68,[-1.936231, 30.077951],
95,6,27,68,[-1.936231, 30.077951],
95,6,27,68,[-1.936231, 30.077951],
95,6,27,68,[-1.936231, 30.077951],
95,6,27,68,[-1.936231, 30.077951],
95,6,27,68,[-1.936231, 30.077951],
95,6,27,68,[-1.936231, 30.077951],
95,6,27,68,[-1.936231, 30.077951],
95,6,27,68,[-1.936231, 30.077951],
95,6,27,68,[-1.936231, 30.077951],
95,6,27,68,[-1.936231, 30.077951],
95,6,27,68,[-1.936231, 30.077951],
95,6,27,68,[-1.936231, 30.077951],
95,6,27,68,[-1.936231, 30.077951],
95,6,27,68,[-1.936231, 30.077951],
95,6,27,68,[-1.936231, 30.077951],
95,6,27,68,[-1.936231, 30.077951],
95,6,27,68,[-1.936231, 30.077951],
95,6,27,68,[-1.936231, 30.077951],
95,6,27,68,[-1.936231, 30.077951],
2,28,7,28,[47.2, 27.783333],
2,28,7,28,[47.2, 27.783333],
36,32,12,39,[42.029078040164, 35.1552890251045],
2,28,7,28,[47.2, 27.783333],
2,28,7,28,[47.2, 27.783333],
23,15,7,18,[38.605, -28.631388888889],
2,28,7,28,[47.2, 27.783333],
2,28,7,28,[47.2, 27.783333],
2,28,7,28,[47.2, 27.783333],
2,28,7,28,[47.2, 27.783333],
2,28,7,28,[47.2, 27.783333],
2,28,7,28,[47.2, 27.783333],
2,28,7,28,[47.2, 27.783333],
2,28,7,28,[47.2, 27.783333],
2,28,7,28,[47.2, 27.783333],
2,28,7,28,[47.2, 27.783333],
2,28,7,28,[47.2, 27.783333],
2,28,7,28,[47.2, 27.783333],
2,28,7,28,[47.2, 27.783333],
86,31,96,134,[24.403725901797, 54.516212598318],
93,24,87,138,[25.25848, 55.309166],
113,31,97,138,[24.259283538347, 55.704940681812],
43,32,93,128,[24.484653749994, 54.364735330707],
33,28,7,23,[48.3545, 2.64536],
43,32,93,128,[24.484653749994, 54.364735330707],
18,25,15,52,[51.5013906712066, -0.0782034373606952],
20,25,15,50,[51.4563, 0.085606],
17,25,15,52,[51.4922482333024, -0.147114752900186],
5,25,15,50,[51.490532, 0.074003],
17,25,15,52,[51.4922482333024, -0.147114752900186],
33,25,15,52,[51.52229, -0.125889],
20,21,6,19,[54.59965, -5.928833],
5,25,15,50,[51.490532, 0.074003],
23,25,15,52,[51.520225273171, -0.0961060474176381],
22,24,9,32,[51.489398, -0.310081],
5,24,9,32,[51.476168, -0.230427],
10,25,15,52,[51.5277066194645, -0.129053205282516],
5,25,15,50,[51.490532, 0.074003],
7,24,15,50,[51.472504, -0.012381],
46,25,15,52,[51.52253, -0.154611],
33,25,15,52,[51.52229, -0.125889],
20,23,8,22,[55.91796, -4.406231],
10,25,15,52,[51.5277066194645, -0.129053205282516],
25,25,15,52,[51.4931557048667, -0.101527038274853],
10,25,15,52,[51.5277066194645, -0.129053205282516],
10,25,15,52,[51.5277066194645, -0.129053205282516],
33,25,15,52,[51.52229, -0.125889],
46,25,15,52,[51.52253, -0.154611],
33,25,15,52,[51.52229, -0.125889],
34,25,15,52,[51.5073509, -0.1277583],
10,25,15,52,[51.5277066194645, -0.129053205282516],
23,25,15,52,[51.520225273171, -0.0961060474176381],
23,25,15,52,[51.520225273171, -0.0961060474176381],
34,24,15,50,[51.4795312838203, -0.0252606031340197],
18,25,15,52,[51.5013906712066, -0.0782034373606952],
9,25,15,52,[51.557895, -0.106989],
46,25,15,52,[51.52253, -0.154611],
25,20,13,46,[53.02821, -2.175133],
33,25,15,52,[51.52229, -0.125889],
25,25,15,52,[51.4931557048667, -0.101527038274853],
5,25,15,50,[51.490532, 0.074003],
38,24,15,50,[51.562376, -0.004898],
25,25,15,52,[51.4931557048667, -0.101527038274853],
18,24,9,32,[51.463429, -0.215871],
34,25,15,52,[51.5073509, -0.1277583],
10,25,15,52,[51.513847178423, -0.077765681752],
34,25,15,52,[51.5145253362314, -0.104515626337876],
32,24,9,32,[51.52105, -0.213492],
33,25,15,52,[51.52229, -0.125889],
25,25,15,52,[51.4931557048667, -0.101527038274853],
32,24,9,32,[51.52105, -0.213492],
38,24,15,50,[51.562376, -0.004898],
15,25,10,33,[51.57661, 0.030858],
32,24,9,32,[51.52105, -0.213492],
34,25,15,52,[51.533238, -0.129594],
33,25,15,52,[51.52229, -0.125889],
7,24,15,50,[51.472504, -0.012381],
21,23,13,46,[52.411563, -1.560228],
38,25,15,52,[51.49467, -0.131931],
9,26,8,29,[51.377923, -0.240414],
10,25,15,52,[51.5277066194645, -0.129053205282516],
25,25,15,52,[51.4931557048667, -0.101527038274853],
25,25,15,52,[51.54421, -0.175269],
22,24,9,32,[51.489398, -0.310081],
33,25,15,52,[51.52229, -0.125889],
34,25,15,52,[51.5145253362314, -0.104515626337876],
17,25,15,52,[51.4922482333024, -0.147114752900186],
46,25,15,52,[51.52253, -0.154611],
17,25,15,52,[51.4922482333024, -0.147114752900186],
32,24,9,32,[51.52105, -0.213492],
32,24,9,32,[51.52105, -0.213492],
38,24,10,34,[51.5993, -0.068218],
34,25,15,52,[51.5073509, -0.1277583],
34,25,15,52,[51.5073509, -0.1277583],
46,25,15,52,[51.52253, -0.154611],
34,25,15,52,[51.5073509, -0.1277583],
34,25,15,52,[51.5145253362314, -0.104515626337876],
38,25,15,52,[51.49467, -0.131931],
25,25,15,52,[51.4931557048667, -0.101527038274853],
13,27,8,29,[51.410039, -0.127523],
17,25,15,52,[51.4922482333024, -0.147114752900186],
17,25,15,52,[51.4922482333024, -0.147114752900186],
33,25,15,52,[51.52229, -0.125889],
10,27,8,29,[51.3586596124998, -0.149723946604927],
33,25,15,52,[51.52229, -0.125889],
8,24,15,50,[51.5150461674013, -0.00841849265642741],
46,25,15,52,[51.52253, -0.154611],
10,25,15,52,[51.513847178423, -0.077765681752],
28,36,9,28,[55.79216, -3.2429],
38,24,15,50,[51.562376, -0.004898],
11,26,8,29,[51.412308, -0.29658478],
34,25,15,52,[51.5145253362314, -0.104515626337876],
46,25,15,52,[51.52253, -0.154611],
46,25,15,52,[51.52253, -0.154611],
23,25,15,52,[51.520225273171, -0.0961060474176381],
38,25,15,52,[51.49467, -0.131931],
46,25,15,52,[51.52253, -0.154611],
53,2,19,53,[-34.657988, -58.342538],
53,2,19,53,[-34.657988, -58.342538],
53,2,19,53,[-34.657988, -58.342538],
53,2,19,53,[-34.657988, -58.342538],
82,19,72,119,[41.328069, 69.294476],
82,19,72,119,[41.328069, 69.294476],
82,19,72,119,[41.328069, 69.294476],
82,19,72,119,[41.328069, 69.294476],
82,19,72,119,[41.328069, 69.294476],
82,19,72,119,[41.328069, 69.294476],
98,19,72,119,[41.328069, 69.294476],
98,19,72,119,[41.328069, 69.294476],
98,19,72,119,[41.328069, 69.294476],
98,19,72,119,[41.328069, 69.294476],
98,19,72,119,[41.328069, 69.294476],
137,19,72,119,[41.3672, 69.2725],
98,19,72,119,[41.328069, 69.294476],
98,19,72,119,[41.328069, 69.294476],
53,18,54,74,[21.543486, 39.17299],
30,6,18,51,[-23.682068, 27.722012],
27,9,36,89,[-24.155951, 28.984199],
27,9,36,89,[-24.155951, 28.984199],
27,9,36,89,[-24.155951, 28.984199],
27,9,36,89,[-24.155951, 28.984199],
