1---
0.593006993006993
0.5615543628299233
0.24987020800444287
0.26396637019761604
0.406993006993007
2---
0.6013986013986014
0.5839613692160706
0.28795634853653646
0.36553294983208084
0.39860139860139865
3---
0.5955710955710956
0.5785456639291073
0.2394472339030611
0.30735472344821163
0.40442890442890445
4---
0.6013986013986014
0.5836853745691196
0.2973398097326746
0.4756169804833146
0.39860139860139865
5---
0.6114219114219114
0.598393499982484
0.4301033546105579
0.4826231344587201
0.3885780885780886
6---
0.6130536130536131
0.6042538825221753
0.457896342721134
0.4766692144397187
0.38694638694638694
7---
0.6067599067599068
0.6057935458727858
0.38950056321885634
0.4646086825929741
0.39324009324009324
8---
0.6016317016317017
0.6055951427875921
0.4111807084267986
0.483098999410265
0.39836829836829835
9---
0.6160839160839161
0.6159046909105301
0.44399781689444295
0.5183455168992076
0.3839160839160839
10---
0.6191142191142192
0.6212940264394081
0.4102174507185725
0.5259512590218812
0.38088578088578084
11---
0.6263403263403263
0.6277081032403312
0.4303985885141904
0.5160502185095862
0.3736596736596737
12---
0.6158508158508158
0.6189914812839218
0.3656569625605374
0.520866119371472
0.3841491841491842
13---
0.6337995337995338
0.640247410623265
0.3489430532559635
0.4891334583876801
0.3662004662004662
14---
0.6407925407925408
0.6481220624151978
0.3935289557093879
0.5124536672740782
0.3592074592074592
15---
0.6242424242424243
0.6307144466303006
0.3431802216965574
0.5204202482348399
0.37575757575757573
16---
0.6216783216783217
0.6308338353719867
0.3400103688061034
0.49623678225752194
0.3783216783216783
17---
0.6251748251748251
0.6345136125786924
0.350728396206266
0.5251526876518958
0.37482517482517486
18---
0.6151515151515151
0.6252493589174251
0.3311568605542633
0.5029476605260047
0.3848484848484849
19---
0.6146853146853147
0.6249236272585299
0.3359790640651276
0.49681199642213847
0.38531468531468527
20---
0.6193473193473193
0.6283059427905875
0.3378162192236731
0.5162826065945919
0.38065268065268065
21---
0.6132867132867132
0.6224873947285205
0.34502041236453557
0.5139336911390682
0.38671328671328675
22---
0.6177156177156177
0.6271692333953024
0.3731471677394882
0.5039542757276863
0.38228438228438233
23---
0.620979020979021
0.6296264250197571
0.3454667411175092
0.518523999109591
0.379020979020979
24---
0.6198135198135198
0.628756046823166
0.3566393343251151
0.5219794191067654
0.38018648018648016
