1---
0.8864801864801864
0.8603136385530463
0.35780871791070945
0.37584551634276897
0.11351981351981355
2---
0.9072261072261072
0.9023945636389887
0.41104312325680514
0.5804582230442485
0.09277389277389281
3---
0.9543123543123543
0.9540362675845397
0.7168034194629321
0.7673197291000674
0.04568764568764572
4---
0.9545454545454546
0.9552084692657042
0.6303763829286649
0.6440627372130191
0.045454545454545414
5---
0.9552447552447553
0.9559077699650049
0.7970430495953317
0.8107294038796858
0.04475524475524473
6---
0.9552447552447553
0.9559077699650049
0.7970430495953317
0.8107294038796858
0.04475524475524473
7---
0.9552447552447553
0.9559077699650049
0.7970430495953317
0.8107294038796858
0.04475524475524473
8---
0.9552447552447553
0.9559077699650049
0.7970430495953317
0.8107294038796858
0.04475524475524473
9---
0.9552447552447553
0.9559077699650049
0.7970430495953317
0.8107294038796858
0.04475524475524473
10---
0.9552447552447553
0.9559077699650049
0.7970430495953317
0.8107294038796858
0.04475524475524473
11---
0.9552447552447553
0.9559077699650049
0.7970430495953317
0.8107294038796858
0.04475524475524473
12---
0.9552447552447553
0.9559077699650049
0.7970430495953317
0.8107294038796858
0.04475524475524473
13---
0.9552447552447553
0.9559077699650049
0.7970430495953317
0.8107294038796858
0.04475524475524473
14---
0.9552447552447553
0.9559077699650049
0.7970430495953317
0.8107294038796858
0.04475524475524473
15---
0.9552447552447553
0.9559077699650049
0.7970430495953317
0.8107294038796858
0.04475524475524473
16---
0.9552447552447553
0.9559077699650049
0.7970430495953317
0.8107294038796858
0.04475524475524473
17---
0.9552447552447553
0.9559077699650049
0.7970430495953317
0.8107294038796858
0.04475524475524473
18---
0.9552447552447553
0.9559077699650049
0.7970430495953317
0.8107294038796858
0.04475524475524473
19---
0.9552447552447553
0.9559077699650049
0.7970430495953317
0.8107294038796858
0.04475524475524473
20---
0.9552447552447553
0.9559077699650049
0.7970430495953317
0.8107294038796858
0.04475524475524473
21---
0.9552447552447553
0.9559077699650049
0.7970430495953317
0.8107294038796858
0.04475524475524473
22---
0.9552447552447553
0.9559077699650049
0.7970430495953317
0.8107294038796858
0.04475524475524473
23---
0.9552447552447553
0.9559077699650049
0.7970430495953317
0.8107294038796858
0.04475524475524473
24---
0.9552447552447553
0.9559077699650049
0.7970430495953317
0.8107294038796858
0.04475524475524473
