1---
0.5778554778554779
0.5659103841860021
0.33757121135680646
0.33176357521124533
0.42214452214452214
2---
0.6228438228438229
0.6141531062158354
0.30667376724554146
0.3447519386347483
0.3771561771561771
3---
0.6060606060606061
0.5923620937674435
0.301574158506826
0.2865166151681584
0.3939393939393939
4---
0.6258741258741258
0.6168710155718867
0.35577871626707547
0.38094834889813567
0.37412587412587417
5---
0.5967365967365967
0.5834635569921274
0.3437197482353186
0.35660562246654404
0.40326340326340326
6---
0.6212121212121212
0.6099592341762448
0.2626468875252584
0.2909229876592801
0.3787878787878788
7---
0.6403263403263403
0.6296005696438014
0.29115553239571634
0.37168207632920625
0.3596736596736597
8---
0.606993006993007
0.5900337570724629
0.3500239724883831
0.2867609153796207
0.39300699300699304
9---
0.624941724941725
0.6174938272174193
0.27534774322583344
0.3474451901968367
0.37505827505827505
10---
0.6284382284382284
0.6213592149809497
0.3299583749606475
0.3363720832087917
0.3715617715617716
11---
0.6347319347319347
0.618980828191109
0.28156360704947475
0.31660254994692466
0.3652680652680653
12---
0.6261072261072261
0.6152311030222292
0.23197787171978745
0.28187407287500815
0.37389277389277387
13---
0.627039627039627
0.6174576758496889
0.3270870863979815
0.3022025804378642
0.372960372960373
14---
0.631002331002331
0.6169305054404156
0.22671064057821186
0.2502737173297556
0.36899766899766895
15---
0.6144522144522144
0.5962939266220135
0.2778126096287091
0.31527706583238324
0.38554778554778557
16---
0.6319347319347319
0.6256352616281508
0.2835561241197964
0.360247000919617
0.36806526806526807
17---
0.6177156177156177
0.604582172487422
0.2988203752877581
0.36562859767628064
0.38228438228438233
18---
0.6307692307692307
0.619207454961873
0.28950352662657874
0.3636730320413731
0.36923076923076925
19---
0.6391608391608392
0.6280681287922711
0.29013248800681535
0.36575061360533473
0.3608391608391608
1---
0.5888111888111888
0.5671030179618809
0.26544638401618414
0.28974240733135553
0.41118881118881123
2---
0.5986013986013986
0.5847527085343829
0.23714697648317848
0.2983500158931747
0.4013986013986014
3---
0.5944055944055944
0.577442355203093
0.27744227571803687
0.3503737921492491
0.4055944055944056
4---
0.5993006993006993
0.5836083084655753
0.23939883930935504
0.3079132883261717
0.4006993006993007
5---
0.6221445221445221
0.6067864986867075
0.37594731699069206
0.32722941750966833
0.3778554778554779
6---
0.6016317016317017
0.5832095549974352
0.28638329352809705
0.3546273786053997
0.39836829836829835
7---
0.6354312354312355
0.6254720048147926
0.4840000301354589
0.35885768888089886
0.3645687645687645
8---
0.6382284382284382
0.6315279406902158
0.23941804983138623
0.30260388268649835
0.3617715617715618
9---
0.5995337995337995
0.5833703681979827
0.28548594658179827
0.36375333615113825
0.4004662004662005
10---
0.6186480186480187
0.5993497025786402
0.23273957308020288
0.25778941815436884
0.38135198135198134
11---
0.6062937062937063
0.5868607259897397
0.4870276816710445
0.36244737584808473
0.39370629370629373
12---
0.6
0.5849706832435252
0.3781549942535446
0.3579351867359782
0.4
13---
0.6265734265734266
0.6168332870514296
0.2715174116042496
0.3165488584392758
0.37342657342657337
14---
0.6242424242424243
0.6133607915018179
0.3679553566684463
0.37692385554244084
0.37575757575757573
15---
0.6097902097902098
0.5897131450169476
0.3988511814518915
0.36269962444911025
0.3902097902097902
16---
0.6321678321678321
0.6221280395020368
0.28299673917469964
0.35042478575856073
0.3678321678321679
17---
0.6277389277389277
0.608115029666928
0.271686181176111
0.29214526883557707
0.3722610722610723
18---
0.6146853146853147
0.5970289741155178
0.2891129424931113
0.3646641432990367
0.38531468531468527
19---
0.6
0.5810376762891375
0.28176289055570714
0.352962575487029
0.4
