1---
0.8864801864801864
0.8603136385530463
0.35780871791070945
0.37584551634276897
0.11351981351981355
2---
0.8885780885780886
0.8627087917237821
0.5588377845667332
0.38209732951364217
0.11142191142191138
3---
0.9013986013986014
0.8784107098834916
0.43565387644574366
0.4361008108017188
0.0986013986013986
4---
0.934032634032634
0.9320476995217956
0.674301529158672
0.6186259683327541
0.06596736596736597
5---
0.9522144522144522
0.9519080358464244
0.7075071368020304
0.726535105614022
0.04778554778554778
6---
0.9545454545454546
0.9551024700018101
0.6265302290825111
0.6440627372130191
0.045454545454545414
7---
0.9547785547785548
0.9554521203514605
0.7931968957491776
0.6996182927685748
0.04522144522144522
8---
0.9552447552447553
0.9559077699650049
0.7970430495953317
0.8107294038796858
0.04475524475524473
9---
0.9552447552447553
0.9559077699650049
0.7970430495953317
0.8107294038796858
0.04475524475524473
10---
0.9552447552447553
0.9559077699650049
0.7970430495953317
0.8107294038796858
0.04475524475524473
11---
0.9552447552447553
0.9559077699650049
0.7970430495953317
0.8107294038796858
0.04475524475524473
12---
0.9552447552447553
0.9559077699650049
0.7970430495953317
0.8107294038796858
0.04475524475524473
13---
0.9552447552447553
0.9559077699650049
0.7970430495953317
0.8107294038796858
0.04475524475524473
14---
0.9552447552447553
0.9559077699650049
0.7970430495953317
0.8107294038796858
0.04475524475524473
15---
0.9552447552447553
0.9559077699650049
0.7970430495953317
0.8107294038796858
0.04475524475524473
16---
0.9552447552447553
0.9559077699650049
0.7970430495953317
0.8107294038796858
0.04475524475524473
17---
0.9552447552447553
0.9559077699650049
0.7970430495953317
0.8107294038796858
0.04475524475524473
18---
0.9552447552447553
0.9559077699650049
0.7970430495953317
0.8107294038796858
0.04475524475524473
19---
0.9552447552447553
0.9559077699650049
0.7970430495953317
0.8107294038796858
0.04475524475524473
20---
0.9552447552447553
0.9559077699650049
0.7970430495953317
0.8107294038796858
0.04475524475524473
21---
0.955011655011655
0.9556755055781264
0.7969425946371588
0.810656877044757
0.04498834498834503
22---
0.9552447552447553
0.9559077699650049
0.7970430495953317
0.8107294038796858
0.04475524475524473
23---
0.9552447552447553
0.9559077699650049
0.7970430495953317
0.8107294038796858
0.04475524475524473
24---
0.9552447552447553
0.9559077699650049
0.7970430495953317
0.8107294038796858
0.04475524475524473
1---
0.6326340326340326
0.6339587467533426
0.46670468783870084
0.483320378417314
0.3673659673659674
2---
0.931002331002331
0.9304853526040763
0.6447022349262419
0.6223063442898678
0.06899766899766901
3---
0.9158508158508158
0.9231915090216342
0.5477233316021358
0.5440355902720186
0.08414918414918415
4---
0.9361305361305361
0.9351707578493611
0.6245252734758836
0.5257530226502264
0.0638694638694639
5---
0.9468531468531468
0.9470713904121687
0.5497804712689295
0.5757592441464928
0.05314685314685319
6---
0.9268065268065268
0.9246253487450934
0.5290399036781258
0.4874068361409969
0.07319347319347325
7---
0.9435897435897436
0.9437246211960071
0.6215557692928838
0.569234746490567
0.05641025641025643
8---
0.9214452214452215
0.9177959895902786
0.6440413220913307
0.5605103096252
0.07855477855477855
9---
0.951981351981352
0.9527537875520501
0.5814355126937284
0.6360913162232719
0.04801864801864797
10---
0.9531468531468531
0.9537128515240446
0.6255345100235169
0.6390704734087449
0.0468531468531469
11---
0.9508158508158508
0.9508723761877194
0.5732006255120242
0.5968668446379796
0.04918414918414915
12---
0.9289044289044289
0.9286491571569188
0.5978716514321916
0.5848106580897652
0.07109557109557108
13---
0.9454545454545454
0.9449555474134467
0.7025139442443994
0.7036546422122317
0.054545454545454564
14---
0.9524475524475524
0.9521153638713249
0.7198524867541263
0.7655404095028298
0.047552447552447585
15---
0.9305361305361305
0.9293450116390266
0.5863090803553703
0.515731033702734
0.06946386946386951
16---
0.941025641025641
0.9401225222182675
0.6850060962383774
0.6505053276767541
0.05897435897435899
17---
0.9494172494172494
0.9491558982854718
0.6994744123431191
0.7197683862880611
0.050582750582750635
18---
0.9515151515151515
0.9511674332243347
0.7055428827716101
0.7144761272043328
0.048484848484848464
19---
0.9463869463869464
0.9465441861264914
0.5935181237226782
0.5965005440198631
0.053613053613053574
1---
0.9188811188811189
0.9173160838695438
0.6461019122662665
0.62031844310186
0.0811188811188811
2---
0.9473193473193473
0.9474750134613414
0.591493449031466
0.6137544259814653
0.052680652680652695
3---
0.9412587412587412
0.9414364850861269
0.589645769353096
0.6279219030765765
0.058741258741258795
4---
0.9382284382284383
0.9388663839117293
0.5586893757818288
0.5816841022207576
0.061771561771561734
5---
0.9272727272727272
0.9266875332418162
0.5916100077137932
0.547152674070059
0.07272727272727275
6---
0.9501165501165502
0.9494184457646151
0.676609900242259
0.6673197291000674
0.04988344988344984
7---
0.9456876456876457
0.9456460889037324
0.6843860946753523
0.733700134246291
0.05431235431235426
8---
0.9543123543123543
0.9540362675845397
0.7168034194629321
0.7673197291000674
0.04568764568764572
9---
0.9482517482517483
0.948114883846915
0.6930508304842558
0.7275766532531505
0.051748251748251706
10---
0.951981351981352
0.9518548913972023
0.5957714697937907
0.6084957721436844
0.04801864801864797
11---
0.9400932400932401
0.9394850257121511
0.654177791360582
0.6487390414494282
0.059906759906759866
12---
0.941958041958042
0.9412823961052753
0.6884965470943925
0.6848289444765813
0.058041958041958
13---
0.9328671328671329
0.9305915053133932
0.6752674465262878
0.6231020083538178
0.06713286713286715
14---
0.9505827505827505
0.9502371450770914
0.6902853935563289
0.7006084463994018
0.049417249417249454
15---
0.9536130536130536
0.9542024912537851
0.6178701094448361
0.6437726298733034
0.046386946386946404
16---
0.9470862470862471
0.9467250793850363
0.6988536442199964
0.7036568420783148
0.05291375291375289
17---
0.938927738927739
0.9375869251609721
0.6843537606739547
0.630148861824948
0.06107226107226105
18---
0.9531468531468531
0.9530518569142057
0.5972186354382396
0.6162849594352414
0.0468531468531469
19---
0.951048951048951
0.951275831937451
0.6108774456916153
0.608458592115352
0.04895104895104896
