1---
0.838927738927739
0.8392557882680963
0.4773805746807723
0.5283742111288144
0.16107226107226102
3---
0.8531468531468531
0.8532805097103751
0.4982789992444769
0.5402019976122644
0.14685314685314688
5---
0.8536130536130536
0.8531643477415587
0.667509292552232
0.6919907910694915
0.14638694638694638
7---
0.8543123543123543
0.8541431607818649
0.6593993284919976
0.6878596064845054
0.1456876456876457
9---
0.8547785547785548
0.8546054520246402
0.6558385394998317
0.680231122598992
0.1452214452214452
11---
0.8571095571095572
0.8566719368897278
0.6605937692944726
0.673877067339582
0.14289044289044284
13---
0.8526806526806526
0.8506086161378154
0.6619769188023162
0.6489450057399494
0.14731934731934737
15---
0.8466200466200466
0.8418493462769636
0.6551062175082552
0.6351385124463557
0.15337995337995336
17---
0.8456876456876457
0.8399752824947154
0.6582928193143479
0.6301972451848635
0.15431235431235435
19---
0.8473193473193473
0.841095934961488
0.6583584895413039
0.6233246771802154
0.15268065268065267
21---
0.8445221445221445
0.8384649203679573
0.4897463680343555
0.4565837397764561
0.15547785547785553
23---
0.8403263403263403
0.8341632126291177
0.49084385974361044
0.4549773245072841
0.15967365967365965
25---
0.8375291375291375
0.830518732418632
0.48744552985639295
0.445222575576238
0.1624708624708625
27---
0.8377622377622378
0.830218036042673
0.4882411788519157
0.44770011746420896
0.1622377622377622
29---
0.8361305361305361
0.8283436968484607
0.4840257586466157
0.4456188126553154
0.16386946386946388
31---
0.8363636363636363
0.8288944978771111
0.4837281383334015
0.44256896185664935
0.1636363636363637
33---
0.8382284382284382
0.8313600927842225
0.48712904158373876
0.44162356450075785
0.16177156177156182
