1---
0.6442307692307693
0.5741891587940161
0.20093742084014246
0.23241302199635536
0.3557692307692307
1---
0.40093240093240096
0.29858954077796734
0.13483943025736886
0.19096254346810282
0.5990675990675991
1---
0.6398601398601399
0.5563053656220216
0.1896015015513477
0.20312661397140488
0.3601398601398601
1---
0.6351981351981352
0.5747021337544583
0.22489910242182
0.21682562171336875
0.36480186480186483
1---
0.5941142191142191
0.5633504425758156
0.3099410251584165
0.32750455277780693
0.40588578088578087
2---
0.6526806526806527
0.584340079522053
0.20444133771929826
0.23649522920356256
0.3473193473193473
2---
0.42365967365967366
0.33813384925993245
0.2558813866575524
0.23048270555812067
0.5763403263403264
2---
0.6398601398601399
0.5563053656220216
0.1896015015513477
0.20312661397140488
0.3601398601398601
2---
0.6398601398601399
0.5888149753975774
0.27918283975880803
0.3092606890647121
0.3601398601398601
2---
0.5984848484848485
0.5829509547459946
0.35621474225885047
0.4411409164141706
0.4015151515151515
3---
0.6663752913752914
0.6139262925325292
0.2882036734228104
0.30885975983007946
0.3336247086247086
3---
0.42744755244755245
0.34825574662268166
0.3056666086288807
0.2427210540036239
0.5725524475524475
3---
0.6538461538461539
0.5806350157068962
0.3002537943471257
0.24085191953092364
0.34615384615384615
3---
0.6465617715617715
0.5976631645855094
0.299899737221814
0.2884596554729808
0.3534382284382285
3---
0.592948717948718
0.5778445393212165
0.28468289407533964
0.3567474070828719
0.40705128205128205
4---
0.6975524475524476
0.6517649823756786
0.4668182267248657
0.4353673257782847
0.3024475524475524
4---
0.5276806526806527
0.48426319035844245
0.38134362102215746
0.29081655738940687
0.4723193473193473
4---
0.6078088578088578
0.5656680837331309
0.34309276492148594
0.2791079176676127
0.39219114219114215
4---
0.6541375291375291
0.6085752551850127
0.4012059285743496
0.3666250301499834
0.3458624708624709
4---
0.5976107226107226
0.5821472117706528
0.23914275575115054
0.2987734606417736
0.40238927738927743
5---
0.6821095571095571
0.6539961699471429
0.6412898132008639
0.43322942545259896
0.3178904428904429
5---
0.5591491841491841
0.5258765599278231
0.4801993593286908
0.3002169611062269
0.44085081585081587
5---
0.6745337995337995
0.6277717392660149
0.5069552710918127
0.3216613703965939
0.32546620046620045
5---
0.6611305361305362
0.6240381548966698
0.5196127539572911
0.42000432525293574
0.3388694638694638
5---
0.6072261072261073
0.5961048270916857
0.3413777825558628
0.3069832584885534
0.39277389277389274
6---
0.692016317016317
0.6774926775342958
0.5034165600122857
0.49762590206368745
0.30798368298368295
6---
0.5384615384615384
0.5001091945868672
0.48375938937287316
0.3021388898138197
0.46153846153846156
6---
0.6733682983682984
0.6572786522046655
0.5543087734691176
0.3661305570736076
0.32663170163170163
6---
0.6727855477855478
0.6485000811601794
0.4903966904457891
0.4065096444509264
0.3272144522144522
6---
0.5958624708624709
0.5938231968836838
0.3098164914213412
0.30750130502199907
0.4041375291375291
7---
0.7112470862470862
0.7109434585588758
0.5120735547698503
0.5051628182764027
0.2887529137529138
7---
0.5582750582750583
0.5292556020381155
0.5207573557299111
0.3213138363397158
0.4417249417249417
7---
0.6692890442890443
0.6489903594066506
0.5554937073460624
0.38618749485383835
0.33071095571095566
7---
0.6893939393939394
0.6787864891995358
0.65594644453422
0.5481262053727564
0.31060606060606055
7---
0.5946969696969697
0.5881479144905342
0.2595127370946808
0.2828978462302567
0.4053030303030303
8---
0.6943473193473193
0.693660869721483
0.4402154351267031
0.49718326997151197
0.3056526806526807
8---
0.5708041958041958
0.5484445795165807
0.5333344033339541
0.33325711383447815
0.42919580419580416
8---
0.6692890442890443
0.6551054882178957
0.5082829056399326
0.4264724581457327
0.33071095571095566
8---
0.6934731934731935
0.679450440488984
0.5223563894747523
0.5291805342624688
0.30652680652680653
8---
0.6083916083916084
0.6166810848393184
0.2795246248137592
0.31420667347476844
0.39160839160839156
9---
0.6876456876456877
0.685220840770227
0.4461061448755513
0.5834437236549109
0.3123543123543123
9---
0.5979020979020979
0.5775903826189093
0.4599656221437871
0.32935809033490976
0.4020979020979021
9---
0.6768648018648019
0.669977855721811
0.524897835915514
0.4687824063303938
0.3231351981351981
9---
0.6928904428904429
0.6837407832587779
0.6507344981877035
0.5709655984219377
0.3071095571095571
9---
0.6264568764568764
0.6342242932110391
0.3095427800828649
0.3628327427454186
0.3735431235431236
10---
0.7027972027972028
0.7049120780405947
0.4647312445121005
0.6179568502342475
0.2972027972027972
10---
0.5944055944055944
0.575876799766872
0.5412922956307964
0.33023675652723344
0.4055944055944056
10---
0.6617132867132867
0.6593086539491837
0.4998623277599105
0.44196486827618475
0.33828671328671334
10---
0.6684149184149184
0.6646070699497578
0.6142905079331825
0.5373560908916751
0.3315850815850816
10---
0.6337412587412588
0.6409474986128175
0.3255346297861071
0.35490380528508186
0.36625874125874125
11---
0.6416083916083916
0.6503997622280475
0.4172478046445005
0.53569776121146
0.35839160839160844
11---
0.618006993006993
0.5957805249362579
0.6009831219802609
0.34167545017120377
0.381993006993007
11---
0.6561771561771562
0.6558123503033177
0.484624934578267
0.43548180431157574
0.3438228438228438
11---
0.6993006993006993
0.6922961521702502
0.4662907526913053
0.5168541419679205
0.30069930069930073
11---
0.6614219114219114
0.6688341302214612
0.32824488639607036
0.3647458484042021
0.3385780885780886
12---
0.6751165501165501
0.678113574314348
0.434470050160004
0.5744918712241772
0.32488344988344986
12---
0.6244172494172494
0.598616028922959
0.561186545743022
0.34357104202325983
0.3755827505827506
12---
0.6526806526806527
0.6512042065293544
0.48231812122875733
0.4439108065629774
0.3473193473193473
12---
0.6841491841491841
0.6801624452424055
0.4952798639516736
0.5231116016557487
0.31585081585081587
12---
0.6611305361305362
0.6697663231229818
0.3299255087282499
0.373226570736323
0.3388694638694638
13---
0.664044289044289
0.6687014730092731
0.4384701081959861
0.5992813676175548
0.335955710955711
13---
0.6360722610722611
0.6211878521362857
0.5524788993596136
0.4091713673679666
0.3639277389277389
13---
0.6585081585081585
0.659775725692591
0.5034079991289688
0.44516568920561683
0.34149184149184153
13---
0.6789044289044289
0.6751995948313314
0.51009424678205
0.5368637854736791
0.3210955710955711
13---
0.6561771561771562
0.665706769864823
0.32302885639587336
0.35871167891101813
0.3438228438228438
14---
0.6687062937062938
0.6727664761781216
0.42534509306766305
0.5584047439355658
0.33129370629370625
14---
0.6171328671328671
0.6001451676913938
0.5475555712767702
0.37857958673166064
0.3828671328671329
14---
0.6541375291375291
0.6547642849106287
0.45826285834872005
0.4193155761971848
0.3458624708624709
14---
0.678030303030303
0.6763257422052289
0.43037431712107727
0.5042182670361889
0.321969696969697
14---
0.6532634032634033
0.6623623640355394
0.32390108437431114
0.374330634483963
0.34673659673659674
15---
0.6605477855477856
0.6659258864435639
0.4145251435708499
0.4966031575192534
0.3394522144522144
15---
0.6247086247086248
0.6125248424721875
0.5311086623122566
0.39579329857597517
0.37529137529137524
15---
0.6343240093240093
0.638824276597239
0.46497236642498874
0.43290816594898457
0.36567599067599066
15---
0.6803613053613053
0.6782846848632105
0.500355726438589
0.5312128657183196
0.31963869463869465
15---
0.6442307692307693
0.6542912340536052
0.31623884088246174
0.3590797770673311
0.3557692307692307
16---
0.6628787878787878
0.6699554498929201
0.4128557083483748
0.5295568369626588
0.33712121212121215
16---
0.6048951048951049
0.5933847672422191
0.5047845334727773
0.38322719122789795
0.3951048951048951
16---
0.6518065268065268
0.6537355831233752
0.47712268565832544
0.4453395173403167
0.34819347319347316
16---
0.6928904428904429
0.6909106115676232
0.5439387323079401
0.5500831356224124
0.3071095571095571
16---
0.6430652680652681
0.6528976116428039
0.3173591760583082
0.36154429546677136
0.3569347319347319
17---
0.6509324009324009
0.6600176689152609
0.40263369406709826
0.4979793888612381
0.3490675990675991
17---
0.625
0.6136506787635458
0.5368983349764777
0.3951361043224759
0.375
17---
0.6480186480186481
0.649521465071648
0.4899971279318127
0.4564551858596461
0.35198135198135194
17---
0.6736596736596736
0.6719203346660279
0.4311295892838963
0.5065400141422057
0.3263403263403264
17---
0.6491841491841492
0.6590267761625991
0.3179858999095046
0.369450263133269
0.35081585081585076
18---
0.6555944055944056
0.6630248698797974
0.4196986728356032
0.5652019976220889
0.3444055944055944
18---
0.6308275058275058
0.6201811546565584
0.5629571422647565
0.3913406823087091
0.3691724941724942
18---
0.6491841491841492
0.6503954084995424
0.45809735831624643
0.45411947798673974
0.35081585081585076
18---
0.6847319347319347
0.6841988864709679
0.5277983424248621
0.5420472990001565
0.3152680652680653
18---
0.6398601398601399
0.6502879209070674
0.3128580280943853
0.3661307474194339
0.3601398601398601
19---
0.6459790209790209
0.6529752988671899
0.39674196386828925
0.4864331806968793
0.35402097902097907
19---
0.6314102564102564
0.6224242470910823
0.5383993647339165
0.39103970372447705
0.3685897435897436
19---
0.6451048951048951
0.6465204061555198
0.4938013827978329
0.45008523836066755
0.3548951048951049
19---
0.673951048951049
0.6727485671697018
0.48362224464093834
0.5373907769328575
0.32604895104895104
19---
0.6424825174825175
0.6529626752025058
0.3173037670402025
0.3665817117351977
0.3575174825174825
20---
0.6471445221445221
0.6559881884300931
0.41760121551689866
0.5919711881897954
0.3528554778554779
20---
0.6215034965034965
0.6136938588265639
0.5253956343737051
0.39184414368013387
0.37849650349650354
20---
0.6497668997668997
0.6512147664862694
0.48073450233141407
0.45898988733666307
0.3502331002331003
20---
0.6745337995337995
0.6729924038166711
0.49736543222682755
0.5366983833344364
0.32546620046620045
20---
0.6439393939393939
0.6538560476160599
0.31422800255004363
0.36645241012334134
0.3560606060606061
21---
0.6494755244755245
0.6588549493759609
0.4128821448065387
0.5624042303694129
0.3505244755244755
21---
0.6244172494172494
0.6136537819797573
0.5048769276404839
0.3961354546803566
0.3755827505827506
21---
0.6451048951048951
0.6467689131949877
0.47526333044648056
0.4432186019603867
0.3548951048951049
21---
0.6786130536130536
0.6770251440583132
0.4704551726024324
0.5203545635801408
0.3213869463869464
21---
0.6413170163170163
0.6513251664868471
0.31301403497678426
0.36561768558243984
0.3586829836829837
22---
0.6471445221445221
0.6563081441428484
0.41219996163902267
0.5609156973597612
0.3528554778554779
22---
0.6226689976689976
0.6138857171775333
0.5569579664797497
0.38784649390951315
0.37733100233100236
22---
0.6509324009324009
0.6537295638061337
0.45456601240860467
0.442760376649227
0.3490675990675991
22---
0.6748251748251748
0.6747125392109861
0.46728904782067016
0.5453060851949811
0.3251748251748252
22---
0.6375291375291375
0.6475397022379211
0.3125700706135204
0.3625058199680253
0.36247086247086246
23---
0.6456876456876457
0.653805402031726
0.4188104492084248
0.5933028823582477
0.3543123543123543
23---
0.6226689976689976
0.6126159224146531
0.5453992990668765
0.388109674590934
0.37733100233100236
23---
0.6398601398601399
0.64245828265881
0.4805962204130056
0.44756687893113273
0.3601398601398601
23---
0.6821095571095571
0.68122988783156
0.5041878001259062
0.556834350027258
0.3178904428904429
23---
0.6416083916083916
0.6523492597482237
0.3087337523302957
0.36552066076391904
0.35839160839160844
24---
0.6567599067599068
0.6630007082856821
0.40784651920992937
0.4945118600084353
0.3432400932400932
24---
0.6238344988344988
0.6147940431130293
0.49047900091983987
0.38726629015238956
0.3761655011655012
24---
0.6474358974358975
0.6486459679667413
0.4597412863243031
0.44477253255221444
0.35256410256410253
24---
0.6803613053613053
0.6796297901378432
0.5463437451448027
0.5748838710348666
0.31963869463869465
24---
0.6404428904428905
0.6508997704569057
0.3129367305173149
0.36498362158805836
0.3595571095571095
