1---
0.8513986013986014
0.7920222303488104
0.28223639478908863
0.3309403153153153
0.14860139860139865
1---
0.7858391608391608
0.7066947376442924
0.2732358721516705
0.3252574197456087
0.21416083916083917
1---
0.8805361305361306
0.8357778202066911
0.2870961647458908
0.3254323196183661
0.11946386946386944
1---
0.9306526806526807
0.902848183861355
0.3096850380050356
0.32953784326858676
0.0693473193473193
1---
0.8761655011655012
0.8498857988647082
0.44244316525717375
0.46473536723796594
0.12383449883449882
2---
0.914918414918415
0.8897043291059185
0.40220099439873264
0.4764957264957265
0.08508158508158503
2---
0.8703379953379954
0.8388432209480119
0.3866939544553812
0.49688473520249216
0.12966200466200462
2---
0.9405594405594405
0.9228745856255898
0.4050344551930705
0.4947257383966244
0.05944055944055948
2---
0.958041958041958
0.9485060394151303
0.38235294117647056
0.5
0.04195804195804198
2---
0.8965617715617715
0.8913681037024327
0.5123843513749586
0.7198828352401918
0.10343822843822847
3---
0.962995337995338
0.9569398481169696
0.6017229901433555
0.6020665027514343
0.037004662004662014
3---
0.9682400932400932
0.9553479755190509
0.6222171250634249
0.6632251720747296
0.03175990675990681
3---
0.9883449883449883
0.9836049586599338
0.631485463706702
0.6625766871165645
0.011655011655011704
3---
0.9953379953379954
0.9933967807102135
0.6316008316008316
0.6638888888888889
0.004662004662004615
3---
0.9437645687645687
0.9437302243404153
0.8954152976750017
0.9506111712316857
0.05623543123543129
4---
0.9787296037296037
0.977269510365775
0.7806470568324144
0.7244203267319707
0.021270396270396286
4---
0.9857226107226107
0.981282860216369
0.7567958386984692
0.8114754098360656
0.014277389277389307
4---
0.9962121212121212
0.9949002397974082
0.7773915626856803
0.82
0.0037878787878787845
4---
0.9985431235431236
0.997960372960373
0.7777777777777778
0.8333333333333334
0.0014568764568764214
4---
0.9440559440559441
0.9448569315224846
0.7483311008592032
0.7665495430459546
0.05594405594405594
5---
0.9877622377622378
0.9876374545697827
0.9780260182504374
0.9739076734795913
0.012237762237762184
5---
0.9900932400932401
0.9900242135150381
0.9753484396359496
0.9604202345700759
0.009906759906759932
5---
0.9839743589743589
0.9840156699272018
0.9299600596607744
0.9373645603168391
0.01602564102564108
5---
0.9997086247086248
0.9997080998034423
0.9999039938556068
0.9987080103359173
0.0002913752913752399
5---
0.9440559440559441
0.9448569315224846
0.7483311008592032
0.7665495430459546
0.05594405594405594
6---
0.9801864801864801
0.9800625217733486
0.9714620574290228
0.9528145794698307
0.019813519813519864
6---
0.9947552447552448
0.9946819759802221
0.9776678141135973
0.962082484945631
0.005244755244755206
6---
0.9941724941724942
0.994168647667421
0.9979782782273885
0.995526489026382
0.005827505827505797
6---
0.9991258741258742
0.9991166735639618
0.9985060149203608
0.980749354005168
0.0008741258741258306
6---
0.9440559440559441
0.9448569315224846
0.7483311008592032
0.7665495430459546
0.05594405594405594
7---
0.9845571095571095
0.984432869269312
0.9720312658921509
0.9549718649604495
0.015442890442890489
7---
0.9947552447552448
0.9946819759802221
0.9776678141135973
0.962082484945631
0.005244755244755206
7---
0.9976689976689976
0.9976619485861336
0.9854523513847174
0.987824831632258
0.002331002331002363
7---
0.9985431235431236
0.9985342308316781
0.9983145545811768
0.9805260898837123
0.0014568764568764214
7---
0.9440559440559441
0.9448569315224846
0.7483311008592032
0.7665495430459546
0.05594405594405594
8---
0.9831002331002331
0.9829165703326002
0.9718674107052386
0.9502676415062261
0.01689976689976691
8---
0.9956293706293706
0.9955575482557687
0.9779679282696785
0.9621829091724955
0.004370629370629375
8---
0.9967948717948718
0.9967852705781867
0.999002643990325
0.9938951953770404
0.0032051282051281937
8---
0.9988344988344988
0.9988254591609044
0.9984102296701188
0.9806377219444401
0.0011655011655011815
8---
0.9440559440559441
0.9448569315224846
0.7483311008592032
0.7665495430459546
0.05594405594405594
9---
0.9854312354312355
0.9852852588382909
0.9728797024543905
0.9541595943565122
0.014568764568764547
9---
0.997086247086247
0.997014654731594
0.9784705407586763
0.9632666175684848
0.002913752913752954
9---
0.9962121212121212
0.9962014524208812
0.9850294546837096
0.9861736763896986
0.0037878787878787845
9---
0.9988344988344988
0.9988254591609044
0.9984102296701188
0.9806377219444401
0.0011655011655011815
9---
0.9440559440559441
0.9448569315224846
0.7483311008592032
0.7665495430459546
0.05594405594405594
10---
0.9883449883449883
0.9882152964015333
0.9734123563376763
0.9566644229030073
0.011655011655011704
10---
0.9956293706293706
0.9955575482557687
0.9779679282696785
0.9621829091724955
0.004370629370629375
10---
0.995920745920746
0.995910210686785
0.9849451055157452
0.9860246006592274
0.004079254079254024
10---
0.9982517482517482
0.9982181971507594
0.998202847700033
0.9638594232170455
0.0017482517482517723
10---
0.9440559440559441
0.9448569315224846
0.7483311008592032
0.7665495430459546
0.05594405594405594
11---
0.9831002331002331
0.9828999057237527
0.9589050360553731
0.9380211107665445
0.01689976689976691
11---
0.995920745920746
0.9958486546249546
0.9780682079595122
0.9626745512570579
0.004079254079254024
11---
0.9976689976689976
0.9976538630340474
0.999256595860631
0.9934366459782495
0.002331002331002363
11---
0.9985431235431236
0.998506558645046
0.9982727968553321
0.9627906976744186
0.0014568764568764214
11---
0.9440559440559441
0.9448569315224846
0.7483311008592032
0.7665495430459546
0.05594405594405594
12---
0.9857226107226107
0.9855370748791028
0.9598488798457722
0.9404309725514063
0.014277389277389307
12---
0.9953379953379954
0.9952655920821165
0.9778677695444884
0.9611169188583041
0.004662004662004615
12---
0.9982517482517482
0.9982536157376959
0.9856217658654032
0.9908403128638122
0.0017482517482517723
12---
0.9982517482517482
0.9982429884057437
0.9982189894636017
0.9804144578229845
0.0017482517482517723
12---
0.9440559440559441
0.9448569315224846
0.7483311008592032
0.7665495430459546
0.05594405594405594
13---
0.9845571095571095
0.9843648425658262
0.9595363714512871
0.9397763114800787
0.015442890442890489
13---
0.9956293706293706
0.9955573011277882
0.9779193596325282
0.9625736023372115
0.004370629370629375
13---
0.9976689976689976
0.9976656138525406
0.9992561947600108
0.9961539757488617
0.002331002331002363
13---
0.9988344988344988
0.9988254591609044
0.9984102296701188
0.9806377219444401
0.0011655011655011815
13---
0.9440559440559441
0.9448569315224846
0.7483311008592032
0.7665495430459546
0.05594405594405594
14---
0.986013986013986
0.9858017702488235
0.9605390874965747
0.9392913714118052
0.013986013986013957
14---
0.9953379953379954
0.9952655920821165
0.9778677695444884
0.9611169188583041
0.004662004662004615
14---
0.9985431235431236
0.9985416300008654
0.999510654754292
0.997506979530479
0.0014568764568764214
14---
0.9988344988344988
0.9988006397849393
0.9983944575798877
0.9640826873385012
0.0011655011655011815
14---
0.9440559440559441
0.9448569315224846
0.7483311008592032
0.7665495430459546
0.05594405594405594
15---
0.9857226107226107
0.9855896243626826
0.9730383468417875
0.9554433300152478
0.014277389277389307
15---
0.995920745920746
0.9958486546249546
0.9780682079595122
0.9626745512570579
0.004079254079254024
15---
0.9973776223776224
0.997377599589371
0.985367305871122
0.989487309082195
0.002622377622377603
15---
0.9982517482517482
0.9982472638639001
0.9994092909950122
0.9957891348255684
0.0017482517482517723
15---
0.9440559440559441
0.9448569315224846
0.7483311008592032
0.7665495430459546
0.05594405594405594
16---
0.9819347319347319
0.9816673870910765
0.9578479868321853
0.932452080197514
0.018065268065268092
16---
0.9956293706293706
0.9955575482557687
0.9779679282696785
0.9621829091724955
0.004370629370629375
16---
0.997086247086247
0.9970717785115674
0.9990872983300957
0.9931384945173073
0.002913752913752954
16---
0.9985431235431236
0.9985312805711791
0.9982883449847192
0.9793457322803575
0.0014568764568764214
16---
0.9440559440559441
0.9448569315224846
0.7483311008592032
0.7665495430459546
0.05594405594405594
17---
0.9839743589743589
0.9837606623376866
0.971210296288907
0.9484039990175835
0.01602564102564108
17---
0.9956293706293706
0.9955575482557687
0.9779679282696785
0.9621829091724955
0.004370629370629375
17---
0.9976689976689976
0.9976689489995788
0.9854520842239102
0.989636384812666
0.002331002331002363
17---
0.9994172494172494
0.9994151408906953
0.9998080982536942
0.9974160206718347
0.0005827505827505908
17---
0.9440559440559441
0.9448569315224846
0.7483311008592032
0.7665495430459546
0.05594405594405594
18---
0.9857226107226107
0.9855709181722777
0.9730568653943554
0.9542087621140132
0.014277389277389307
18---
0.9953379953379954
0.9952655920821165
0.9778677695444884
0.9611169188583041
0.004662004662004615
18---
0.9973776223776224
0.9973708605567589
0.985367573510927
0.9876757559017869
0.002622377622377603
18---
0.9985431235431236
0.9985312805711791
0.9982883449847192
0.9793457322803575
0.0014568764568764214
18---
0.9440559440559441
0.9448569315224846
0.7483311008592032
0.7665495430459546
0.05594405594405594
19---
0.9868881118881119
0.9867344307648137
0.9733338340118732
0.9542919382388559
0.013111888111888126
19---
0.995920745920746
0.9958486546249546
0.9780682079595122
0.9626745512570579
0.004079254079254024
19---
0.9965034965034965
0.9964939550051561
0.9989182091512046
0.9937461196465692
0.0034965034965035446
19---
0.9985431235431236
0.9985094254145611
0.9982985976093911
0.9639710552777734
0.0014568764568764214
19---
0.9440559440559441
0.9448569315224846
0.7483311008592032
0.7665495430459546
0.05594405594405594
20---
0.9845571095571095
0.9844196804330486
0.9724709612182076
0.953874694071612
0.015442890442890489
20---
0.9956293706293706
0.9955575482557687
0.9779679282696785
0.9621829091724955
0.004370629370629375
20---
0.997960372960373
0.997949962849303
0.9993412402736065
0.9944914982989247
0.002039627039627012
20---
0.9985431235431236
0.9985094254145611
0.9982985976093911
0.9639710552777734
0.0014568764568764214
20---
0.9440559440559441
0.9448569315224846
0.7483311008592032
0.7665495430459546
0.05594405594405594
21---
0.9819347319347319
0.9817063087018916
0.9589690857420923
0.9357435928640266
0.018065268065268092
21---
0.995920745920746
0.9958486546249546
0.9780682079595122
0.9626745512570579
0.004079254079254024
21---
0.9967948717948718
0.9967837642483977
0.9851984094412067
0.9864718278506407
0.0032051282051281937
21---
0.9985431235431236
0.9985094254145611
0.9982985976093911
0.9639710552777734
0.0014568764568764214
21---
0.9440559440559441
0.9448569315224846
0.7483311008592032
0.7665495430459546
0.05594405594405594
22---
0.9851398601398601
0.9849640254314435
0.9717102707867978
0.9506815169201014
0.014860139860139898
22---
0.995920745920746
0.9958486546249546
0.9780682079595122
0.9626745512570579
0.004079254079254024
22---
0.9965034965034965
0.9964894666840507
0.9989183435725985
0.9928403430563653
0.0034965034965035446
22---
0.9988344988344988
0.9988006397849393
0.9983944575798877
0.9640826873385012
0.0011655011655011815
22---
0.9440559440559441
0.9448569315224846
0.7483311008592032
0.7665495430459546
0.05594405594405594
23---
0.9854312354312355
0.9852313342243239
0.9596839408598927
0.9391472368926707
0.014568764568764547
23---
0.9953379953379954
0.9952655920821165
0.9778677695444884
0.9611169188583041
0.004662004662004615
23---
0.997086247086247
0.9970765289166151
0.9990871643902829
0.9940442711075114
0.002913752913752954
23---
0.9985431235431236
0.998506558645046
0.9982727968553321
0.9627906976744186
0.0014568764568764214
23---
0.9440559440559441
0.9448569315224846
0.7483311008592032
0.7665495430459546
0.05594405594405594
24---
0.9848484848484849
0.984724050391238
0.9726294335665803
0.9551584297303476
0.015151515151515138
24---
0.9956293706293706
0.9955575482557687
0.9779679282696785
0.9621829091724955
0.004370629370629375
24---
0.997086247086247
0.9970827441332115
0.9990868957886097
0.9958558242879194
0.002913752913752954
24---
0.9985431235431236
0.9985094254145611
0.9982985976093911
0.9639710552777734
0.0014568764568764214
24---
0.9440559440559441
0.9448569315224846
0.7483311008592032
0.7665495430459546
0.05594405594405594
