1---
0.6526806526806527
0.584340079522053
0.20444133771929826
0.23649522920356256
0.3473193473193473
1---
0.40034965034965037
0.2977576059164042
0.13449192849277194
0.19076064562840975
0.5996503496503496
1---
0.6611305361305362
0.586964158214032
0.20170596610755265
0.21400914229579368
0.3388694638694638
1---
0.6532634032634033
0.5989822816755753
0.22993497730339837
0.2237468094784949
0.34673659673659674
1---
0.5941142191142191
0.563328240811834
0.3098493532634805
0.32750455277780693
0.40588578088578087
2---
0.6643356643356644
0.60862702263694
0.2978621448229484
0.2718987834427332
0.3356643356643356
2---
0.48863636363636365
0.41141426517124263
0.1707124356309954
0.22125403302589633
0.5113636363636364
2---
0.6762820512820513
0.6135936326760554
0.3411677489703084
0.26200227286803834
0.3237179487179487
2---
0.6532634032634033
0.5989822816755753
0.22993497730339837
0.2237468094784949
0.34673659673659674
2---
0.6086829836829837
0.5799489883321266
0.5653689185953296
0.34189722743759343
0.3913170163170163
3---
0.6687062937062938
0.6153635213784804
0.29698995155615854
0.28101642760603945
0.33129370629370625
3---
0.5148601398601399
0.45971057608787513
0.2954143242899261
0.2639390479776523
0.4851398601398601
3---
0.6474358974358975
0.6025065432921154
0.3234636464429656
0.2678867121915854
0.35256410256410253
3---
0.6535547785547785
0.5996515347267971
0.396777285322177
0.22652458725627267
0.3464452214452215
3---
0.6133449883449883
0.5854761586230612
0.3675164026333026
0.34408757729858935
0.3866550116550117
4---
0.678030303030303
0.631059455778136
0.3083101094949951
0.30745538522365007
0.321969696969697
4---
0.5265151515151515
0.47526728870576246
0.30299255963872324
0.27979193502901134
0.4734848484848485
4---
0.6646270396270396
0.6163561861145946
0.4906984938073338
0.2882392725038538
0.3353729603729604
4---
0.6655011655011654
0.6253646263924417
0.3940404789181661
0.23240943058212313
0.33449883449883455
4---
0.6395687645687645
0.6224862303201407
0.34210151007473893
0.3683860634674885
0.36043123543123545
5---
0.6844405594405595
0.6396971613556318
0.481041672889638
0.32213372973932336
0.3155594405594405
5---
0.5276806526806527
0.4774799433908662
0.4132923302943423
0.282723544761606
0.4723193473193473
5---
0.6695804195804196
0.6231496054718794
0.5522121418822126
0.29719568556472264
0.3304195804195804
5---
0.6687062937062938
0.6430236378842845
0.4337475649071623
0.26515318937283927
0.33129370629370625
5---
0.6445221445221445
0.638032480074506
0.5552355783378338
0.48093774766663877
0.3554778554778555
6---
0.7057109557109557
0.6684655690410486
0.5003442136250078
0.41640764466106933
0.29428904428904434
6---
0.5294289044289044
0.479794570996091
0.38284172447678166
0.28489201093954886
0.47057109557109555
6---
0.6768648018648019
0.6411651296048936
0.366699129031172
0.30328925404050033
0.3231351981351981
6---
0.6791958041958042
0.6552128499503164
0.4515460902395576
0.3080705802712973
0.32080419580419584
6---
0.6462703962703963
0.6434215484340936
0.5480861566827845
0.4830645914900871
0.3537296037296037
7---
0.7226107226107226
0.6973343748738325
0.5410396380165216
0.42259236568597297
0.27738927738927743
7---
0.5364219114219114
0.49155875747319117
0.5825290194453631
0.3029850989404235
0.4635780885780886
7---
0.6824009324009324
0.6504638777541387
0.5316795488555738
0.3205537536306245
0.31759906759906764
7---
0.7135780885780886
0.6968981041009813
0.454020197203316
0.33320307909568553
0.2864219114219114
7---
0.6453962703962703
0.6445021218241289
0.4168502695914027
0.38831976884673114
0.35460372960372966
8---
0.7345571095571095
0.7120908240058622
0.5442306996059635
0.47111941006062014
0.2654428904428905
8---
0.541083916083916
0.499131567774454
0.5275460642619799
0.3108891256455819
0.45891608391608396
8---
0.6937645687645687
0.6740078642752857
0.7396116673780608
0.3641787442756201
0.3062354312354313
8---
0.7147435897435898
0.700282857580878
0.4638987681631548
0.3493626028292182
0.28525641025641024
8---
0.655011655011655
0.6556454424829583
0.4086184215531999
0.39217153701373514
0.34498834498834496
9---
0.7368881118881119
0.7177241800221635
0.5436194535505604
0.47292906082860414
0.2631118881118881
9---
0.585081585081585
0.5541651924167986
0.7124462258281815
0.3417472267598522
0.41491841491841497
9---
0.6841491841491841
0.6668891533380322
0.5106035441451614
0.359099976935269
0.31585081585081587
9---
0.7208624708624709
0.7090470629428558
0.554777819790545
0.37596089846853226
0.2791375291375291
9---
0.6695804195804196
0.6717881569059602
0.34381733276417026
0.3281597635886672
0.3304195804195804
10---
0.7400932400932401
0.7278309332747974
0.5422322410881111
0.4887979608013855
0.25990675990675993
10---
0.6188811188811189
0.5976551565165567
0.7318911604599622
0.3479039354374
0.38111888111888115
10---
0.6870629370629371
0.6712419698441404
0.5247718284846333
0.36970252758146227
0.3129370629370629
10---
0.7214452214452215
0.7100186584003374
0.4629854832094699
0.3587134702641723
0.2785547785547785
10---
0.6730769230769231
0.6766668708033193
0.34734268114221023
0.3494400783880824
0.32692307692307687
11---
0.7418414918414918
0.7297905878498088
0.5182608428276694
0.49110957873800337
0.25815850815850816
11---
0.6311188811188811
0.6113495078809477
0.7378133326991662
0.3615358246762527
0.36888111888111885
11---
0.6914335664335665
0.6765809631833802
0.5314894890338678
0.3889254608105397
0.30856643356643354
11---
0.7296037296037297
0.7201312384884685
0.5528433872693003
0.38512420593613633
0.27039627039627034
11---
0.6736596736596736
0.6778467440014829
0.4116397730908486
0.40725354718786344
0.3263403263403264
12---
0.747086247086247
0.7359684443236216
0.6154619093364241
0.5310254913137333
0.25291375291375295
12---
0.6314102564102564
0.6110358008742856
0.7300631877914497
0.357644979352973
0.3685897435897436
12---
0.6902680652680653
0.6745944621189696
0.6006710845996813
0.399579864719342
0.3097319347319347
12---
0.7269813519813519
0.7193986392235677
0.7154115262569625
0.4841556771694872
0.27301864801864806
12---
0.6800699300699301
0.6854943092615094
0.34590458280586817
0.3570539780089073
0.3199300699300699
13---
0.7473776223776224
0.737218624407993
0.6103630497656315
0.5315381445661126
0.2526223776223776
13---
0.6491841491841492
0.6298823250324467
0.7269850096743996
0.37580200487790677
0.35081585081585076
13---
0.6928904428904429
0.6808013369335215
0.5162182595801713
0.3783641331833227
0.3071095571095571
13---
0.7293123543123543
0.7220894611047364
0.6757687302594341
0.4521566525827671
0.2706876456876457
13---
0.6824009324009324
0.6875268383023426
0.3519025549780029
0.35744013289784987
0.31759906759906764
14---
0.7453379953379954
0.735740998470559
0.5416575512984224
0.4994410635106982
0.2546620046620046
14---
0.6497668997668997
0.631120496764129
0.7403065299914017
0.37681764510150223
0.3502331002331003
14---
0.6914335664335665
0.6783138776353463
0.5051015282952582
0.3935387915500835
0.30856643356643354
14---
0.7322261072261073
0.7251669385919006
0.6313826328051807
0.40357409021840646
0.26777389277389274
14---
0.6838578088578089
0.6897368873000826
0.34170358954862384
0.34367368049926256
0.3161421911421911
15---
0.743006993006993
0.7337023821369293
0.5071310224702635
0.48581151432178826
0.256993006993007
15---
0.6587995337995338
0.6407870207910654
0.6861998365410068
0.3906100972308766
0.3412004662004662
15---
0.6911421911421911
0.6805164930378281
0.4921477268296366
0.40103832613986645
0.3088578088578089
15---
0.7339743589743589
0.7279410993892484
0.7097718178043615
0.5085654964974248
0.2660256410256411
15---
0.6966783216783217
0.7028503581875553
0.3496205265256644
0.35612135321100774
0.30332167832167833
16---
0.7354312354312355
0.7270367293148852
0.5122481244626242
0.48989751659557595
0.26456876456876455
16---
0.6675407925407926
0.6491741516709066
0.7405599175602835
0.3916842756863348
0.33245920745920743
16---
0.6925990675990676
0.6797270296143487
0.5122122338727307
0.42252095772643167
0.30740093240093236
16---
0.7368881118881119
0.7306023094054671
0.7122686115369548
0.4767499757610569
0.2631118881118881
16---
0.6960955710955711
0.7015077881462628
0.3525748545547882
0.3620881241750516
0.3039044289044289
17---
0.747086247086247
0.7389915805774001
0.5456580480018086
0.5013659225987993
0.25291375291375295
17---
0.6652097902097902
0.6459221135582331
0.6342220769283559
0.38221087660810604
0.3347902097902098
17---
0.6905594405594405
0.6796352810026657
0.5052143760040281
0.3964685441869869
0.3094405594405595
17---
0.7371794871794872
0.7312530760679224
0.6391857175381895
0.44896524651023934
0.2628205128205128
17---
0.6893939393939394
0.6951241862473877
0.35582145773049095
0.35726176114520586
0.31060606060606055
18---
0.7502913752913752
0.7444765182905122
0.5592783548014636
0.504627850603878
0.24970862470862476
18---
0.6625874125874126
0.6439927548534892
0.6902401117581896
0.3926760718089284
0.3374125874125874
18---
0.706002331002331
0.6941882289166912
0.501252549658011
0.41807243012981354
0.293997668997669
18---
0.7400932400932401
0.7346245343093079
0.7024696186875953
0.48161242472741406
0.25990675990675993
18---
0.6949300699300699
0.7007117623855541
0.4214440691962572
0.4283959111176934
0.3050699300699301
19---
0.7511655011655012
0.7422131344779531
0.5293281032457963
0.5030767757508625
0.24883449883449882
19---
0.6698717948717948
0.6518597026964214
0.7069477293359001
0.39403121147226217
0.3301282051282052
19---
0.6917249417249417
0.6784603357936101
0.6080105215196493
0.4057055104701491
0.3082750582750583
19---
0.7348484848484849
0.7297432072135198
0.7122020156741712
0.47705882857725096
0.26515151515151514
19---
0.6908508158508159
0.6968594936593743
0.4178932312754243
0.4285273597400893
0.30914918414918413
20---
0.747960372960373
0.7401409789893587
0.604661535583782
0.5331717493247173
0.252039627039627
20---
0.6730769230769231
0.6547423052291738
0.6951290455641025
0.40111156108658447
0.32692307692307687
20---
0.6850233100233101
0.6751853948212339
0.5371648166895255
0.4300019567068342
0.3149766899766899
20---
0.7374708624708625
0.7328527235261573
0.6708038479069086
0.5000866649142904
0.26252913752913754
20---
0.696969696969697
0.7033149837272518
0.3484935775432702
0.3633194418830194
0.303030303030303
21---
0.7505827505827506
0.7420279845706031
0.5354339311797974
0.49981436335602997
0.2494172494172494
21---
0.6698717948717948
0.651996049351165
0.6961708417125032
0.3966255729537738
0.3301282051282052
21---
0.7042540792540792
0.691561248381438
0.5243955791943408
0.39661385756129097
0.29574592074592077
21---
0.7432983682983683
0.738322212371626
0.7102604653161771
0.503711670754256
0.25670163170163174
21---
0.6998834498834499
0.7051293197697881
0.3540821014152584
0.3632701159020817
0.30011655011655014
22---
0.7438811188811189
0.7376222135907028
0.5200738234389632
0.507745097071581
0.25611888111888115
22---
0.6736596736596736
0.6554281512187656
0.6304785799309264
0.39266991483590097
0.3263403263403264
22---
0.6946386946386947
0.6834817294415303
0.5558524807989685
0.3996333821712885
0.30536130536130535
22---
0.7333916083916084
0.7278072815376483
0.6258053067831133
0.41198430610288633
0.26660839160839156
22---
0.6955128205128205
0.700400413865763
0.3501758228036323
0.3614756428557318
0.3044871794871795
23---
0.743006993006993
0.7353338522703085
0.7003009409907316
0.5326763821626835
0.256993006993007
23---
0.6748251748251748
0.6578159738534851
0.6687212895194401
0.40523829922963706
0.3251748251748252
23---
0.6949300699300699
0.6830398726673805
0.47354081484091165
0.3798668638471847
0.3050699300699301
23---
0.7386363636363636
0.7336001957818723
0.6793344722236486
0.4956534189389114
0.26136363636363635
23---
0.6972610722610723
0.7034712578333151
0.34619188308167
0.35716925399857175
0.30273892773892774
24---
0.747086247086247
0.7403710546526765
0.5836707233082531
0.5342095545291893
0.25291375291375295
24---
0.678030303030303
0.6597100844675805
0.6918359968041886
0.40383417231844154
0.321969696969697
24---
0.7004662004662005
0.6891244169092308
0.4904324838642942
0.40090902289539193
0.29953379953379955
24---
0.7412587412587412
0.7358664060819735
0.676400244499375
0.46297790787976617
0.25874125874125875
24---
0.692016317016317
0.6972515544044278
0.3545806480531268
0.3583141954202294
0.30798368298368295
