1---
0.8513986013986014
0.7920222303488104
0.28223639478908863
0.3309403153153153
0.14860139860139865
1---
0.7858391608391608
0.7066947376442924
0.2732358721516705
0.3252574197456087
0.21416083916083917
1---
0.8805361305361306
0.8357778202066911
0.2870961647458908
0.3254323196183661
0.11946386946386944
1---
0.9306526806526807
0.902848183861355
0.3096850380050356
0.32953784326858676
0.0693473193473193
1---
0.8761655011655012
0.8498857988647082
0.44244316525717375
0.46473536723796594
0.12383449883449882
2---
0.8642191142191142
0.8174857170307689
0.39222836991054905
0.3613245094409478
0.13578088578088576
2---
0.7872960372960373
0.7103474379184965
0.37782679503992905
0.3277156301684209
0.21270396270396275
2---
0.8956876456876457
0.8642352770134597
0.43629721617727935
0.3768552154555864
0.1043123543123543
2---
0.9405594405594405
0.9127397680689217
0.31329797682184246
0.3333333333333333
0.05944055944055948
2---
0.8787878787878788
0.8528746059135981
0.694045139623067
0.4734240908682588
0.12121212121212122
3---
0.881993006993007
0.8452476988264135
0.5613917383765213
0.39991413964016703
0.11800699300699302
3---
0.861013986013986
0.8261355574551488
0.5717406045572319
0.43348128543728576
0.13898601398601396
3---
0.9096736596736597
0.8884046546844908
0.5979197382631448
0.4265821187198043
0.09032634032634035
3---
0.9417249417249417
0.9155962741470983
0.6053979511426321
0.34295865633074935
0.0582750582750583
3---
0.9020979020979021
0.8910730335494236
0.8090518606078918
0.6214166249428594
0.09790209790209792
4---
0.9423076923076923
0.9341601606475226
0.5748105962446824
0.5508137220465988
0.05769230769230771
4---
0.8863636363636364
0.8624086749696386
0.6013321006476045
0.48917698196087084
0.11363636363636365
4---
0.9656177156177156
0.9598983616707067
0.5904074851715614
0.5816248608630376
0.03438228438228441
4---
0.9734848484848485
0.9692578468106303
0.5922497505523484
0.5313307493540051
0.02651515151515149
4---
0.9271561771561772
0.9262056056083721
0.8431245001953418
0.785153102272167
0.07284382284382285
5---
0.958916083916084
0.9522239107295871
0.6131043825362108
0.5928755415056784
0.04108391608391604
5---
0.9085081585081585
0.8909386048546847
0.7663721877661792
0.5436586381446465
0.09149184149184153
5---
0.9778554778554779
0.9727547795085095
0.62098003047287
0.6251520799358028
0.022144522144522116
5---
0.9778554778554779
0.9742880050670283
0.6217700701070054
0.5685400516795865
0.022144522144522116
5---
0.9358974358974359
0.9356862554832766
0.8830054713454403
0.8670182345722347
0.0641025641025641
6---
0.9740675990675991
0.9695976087731334
0.7533052777073322
0.6427933051220722
0.0259324009324009
6---
0.9708624708624709
0.9602871086915639
0.7937438859810202
0.6830469651891492
0.029137529137529095
6---
0.9851398601398601
0.9806522612034799
0.8009251612196544
0.6568116279671766
0.014860139860139898
6---
0.9918414918414918
0.9898200244045934
0.63178500331785
0.6439276485788114
0.00815850815850816
6---
0.9434731934731935
0.9441557046240455
0.7409933907932051
0.7544283309247425
0.05652680652680653
7---
0.9790209790209791
0.9763201199380036
0.7645549108733637
0.6792482758236181
0.020979020979020935
7---
0.9729020979020979
0.9631604889970345
0.7978603619446907
0.6932102548388744
0.027097902097902082
7---
0.9889277389277389
0.9846624481616804
0.7195180142120542
0.670168776371308
0.011072261072261114
7---
0.997086247086247
0.9963869463869464
0.7371794871794872
0.75
0.002913752913752954
7---
0.9440559440559441
0.9448569315224846
0.7483311008592032
0.7665495430459546
0.05594405594405594
8---
0.9845571095571095
0.9834451012656222
0.9517566387802946
0.762239282787228
0.015442890442890489
8---
0.9723193473193473
0.9634063166398161
0.7959937519609354
0.6978000692682795
0.027680652680652673
8---
0.9927156177156177
0.9909232565284508
0.9148869156041286
0.805911530330135
0.007284382284382329
8---
0.9991258741258742
0.9990884498279017
0.9774671897622719
0.9333333333333332
0.0008741258741258306
8---
0.9440559440559441
0.9448569315224846
0.7483311008592032
0.7665495430459546
0.05594405594405594
9---
0.9871794871794872
0.9868263102899967
0.9512523331558453
0.8333263641482819
0.012820512820512775
9---
0.9734848484848485
0.9660497488298606
0.9533837806144841
0.7143474059847201
0.02651515151515149
9---
0.9918414918414918
0.9898412185769115
0.8964199203746515
0.7980409356123221
0.00815850815850816
9---
0.9991258741258742
0.9990884498279017
0.9774671897622719
0.9333333333333332
0.0008741258741258306
9---
0.9440559440559441
0.9448569315224846
0.7483311008592032
0.7665495430459546
0.05594405594405594
10---
0.9871794871794872
0.9868348678706231
0.965977287054047
0.837376018197936
0.012820512820512775
10---
0.9755244755244755
0.9685365311510543
0.9467042755344418
0.7244644198395408
0.02447552447552448
10---
0.990967365967366
0.9889391771977193
0.908181287490847
0.7948763786502968
0.00903263403263399
10---
0.9988344988344988
0.9987975493542294
0.9761591744416173
0.9305555555555555
0.0011655011655011815
10---
0.9440559440559441
0.9448569315224846
0.7483311008592032
0.7665495430459546
0.05594405594405594
11---
0.9865967365967366
0.9862397739796924
0.9583484635015513
0.8399523865277289
0.013403263403263366
11---
0.9769813519813519
0.9716532286311819
0.924265175499483
0.7503164458951989
0.023018648018648058
11---
0.990967365967366
0.9897545437796041
0.9066199373457605
0.8077558561544432
0.00903263403263399
11---
0.9991258741258742
0.9990884498279017
0.9774671897622719
0.9333333333333332
0.0008741258741258306
11---
0.9440559440559441
0.9448569315224846
0.7483311008592032
0.7665495430459546
0.05594405594405594
12---
0.9854312354312355
0.9850231805263662
0.967166998634036
0.8821460629679808
0.014568764568764547
12---
0.9775641025641025
0.9719260130487968
0.9583668005354754
0.7496334799413568
0.022435897435897467
12---
0.9915501165501166
0.9897724054738115
0.9031946989485505
0.8016921210474345
0.0084498834498834
12---
0.9991258741258742
0.9990884498279017
0.9774671897622719
0.9333333333333332
0.0008741258741258306
12---
0.9440559440559441
0.9448569315224846
0.7483311008592032
0.7665495430459546
0.05594405594405594
13---
0.9845571095571095
0.9838608803756217
0.9476249783831597
0.7861469327222753
0.015442890442890489
13---
0.9772727272727273
0.9717247701941275
0.9260666946048302
0.750187463955228
0.022727272727272707
13---
0.990967365967366
0.9889635017781293
0.8960230310444671
0.7957821552405009
0.00903263403263399
13---
0.9991258741258742
0.9990884498279017
0.9774671897622719
0.9333333333333332
0.0008741258741258306
13---
0.9440559440559441
0.9448569315224846
0.7483311008592032
0.7665495430459546
0.05594405594405594
14---
0.9877622377622378
0.9872830807795172
0.9583166936714512
0.8226994720145405
0.012237762237762184
14---
0.9752331002331003
0.968774647794713
0.9478288779177682
0.7289252523289749
0.02476689976689972
14---
0.9906759906759907
0.9893338428207645
0.9106301882997112
0.8151858523186166
0.009324009324009341
14---
0.9994172494172494
0.9994022659311915
0.9806010928961749
0.9500000000000001
0.0005827505827505908
14---
0.9440559440559441
0.9448569315224846
0.7483311008592032
0.7665495430459546
0.05594405594405594
15---
0.9868881118881119
0.9866244905636411
0.9578449165566555
0.8692848501067679
0.013111888111888126
15---
0.9772727272727273
0.9718478154950603
0.9068110599369484
0.7495325310215102
0.022727272727272707
15---
0.9915501165501166
0.9899768377003227
0.9192329990322027
0.8109270417542422
0.0084498834498834
15---
0.9997086247086248
0.9997021609679287
0.9972677595628415
0.9833333333333334
0.0002913752913752399
15---
0.9440559440559441
0.9448569315224846
0.7483311008592032
0.7665495430459546
0.05594405594405594
16---
0.9880536130536131
0.9874942309508351
0.9636194927530638
0.8195572058585757
0.011946386946386944
16---
0.9766899766899767
0.9715794966401405
0.9469427985191382
0.7577300529259436
0.023310023310023298
16---
0.990967365967366
0.9893662298962264
0.9431974526020722
0.8097231137030961
0.00903263403263399
16---
0.9994172494172494
0.9993866409155665
0.9959857082807902
0.9666666666666667
0.0005827505827505908
16---
0.9440559440559441
0.9448569315224846
0.7483311008592032
0.7665495430459546
0.05594405594405594
17---
0.9816433566433567
0.9806500837395931
0.9431515529859805
0.7629233779918713
0.018356643356643332
17---
0.9769813519813519
0.9719172378435219
0.9265087187278711
0.754648296444662
0.023018648018648058
17---
0.9921328671328671
0.990768362728317
0.9231936798601388
0.815931230970972
0.00786713286713292
17---
0.9991258741258742
0.9990884498279017
0.9774671897622719
0.9333333333333332
0.0008741258741258306
17---
0.9440559440559441
0.9448569315224846
0.7483311008592032
0.7665495430459546
0.05594405594405594
18---
0.9848484848484849
0.9842665763165571
0.9478187865134801
0.7988617926974091
0.015151515151515138
18---
0.9761072261072261
0.9704153067143098
0.9143594253523899
0.7454059490347532
0.02389277389277389
18---
0.9918414918414918
0.9902909737453359
0.9071017409816721
0.8101703408945093
0.00815850815850816
18---
0.9994172494172494
0.9994022659311915
0.9806010928961749
0.9500000000000001
0.0005827505827505908
18---
0.9440559440559441
0.9448569315224846
0.7483311008592032
0.7665495430459546
0.05594405594405594
19---
0.9889277389277389
0.9887252307057146
0.9704448804913534
0.9070380405996844
0.011072261072261114
19---
0.9769813519813519
0.9712277461330504
0.9417001338688086
0.7434568228783253
0.023018648018648058
19---
0.9918414918414918
0.9906720557772744
0.9256765211395214
0.8195824164060843
0.00815850815850816
19---
0.9994172494172494
0.9994022659311915
0.9806010928961749
0.9500000000000001
0.0005827505827505908
19---
0.9440559440559441
0.9448569315224846
0.7483311008592032
0.7665495430459546
0.05594405594405594
20---
0.986013986013986
0.984995232902871
0.9430970143376357
0.765605399167043
0.013986013986013957
20---
0.9766899766899767
0.9716622941013324
0.9370559022808074
0.7577300529259436
0.023310023310023298
20---
0.9932983682983683
0.9921137342147165
0.9276997039681802
0.8248566780094598
0.006701631701631738
20---
0.9994172494172494
0.9994022659311915
0.9806010928961749
0.9500000000000001
0.0005827505827505908
20---
0.9440559440559441
0.9448569315224846
0.7483311008592032
0.7665495430459546
0.05594405594405594
21---
0.9857226107226107
0.9853188089062278
0.9519364855105099
0.829813894882388
0.014277389277389307
21---
0.9787296037296037
0.9738797674899693
0.9599262124582505
0.7691798669940123
0.021270396270396286
21---
0.9927156177156177
0.9916856636065177
0.9300023020537971
0.8292645643043053
0.007284382284382329
21---
0.9991258741258742
0.9990914599413304
0.9761051373954599
0.9333333333333332
0.0008741258741258306
21---
0.9440559440559441
0.9448569315224846
0.7483311008592032
0.7665495430459546
0.05594405594405594
22---
0.9865967365967366
0.9864073833661062
0.9294179157421749
0.9051457674745346
0.013403263403263366
22---
0.9778554778554779
0.9726391314281412
0.9221186035389765
0.7596503454692889
0.022144522144522116
22---
0.9921328671328671
0.9903962102834706
0.8927749850811971
0.8047076022789889
0.00786713286713292
22---
0.9988344988344988
0.9987589003982446
0.9725082712985939
0.9166666666666666
0.0011655011655011815
22---
0.9440559440559441
0.9448569315224846
0.7483311008592032
0.7665495430459546
0.05594405594405594
23---
0.9839743589743589
0.9828769789344812
0.95095750692489
0.7849462815216239
0.01602564102564108
23---
0.9761072261072261
0.9703859580471729
0.9376246516616983
0.7440731488215051
0.02389277389277389
23---
0.9927156177156177
0.9915309077637708
0.9275298962049717
0.8245585265485177
0.007284382284382329
23---
0.9991258741258742
0.9990884498279017
0.9774671897622719
0.9333333333333332
0.0008741258741258306
23---
0.9437645687645687
0.9445667255954553
0.7481823196437476
0.7664382464405011
0.05623543123543129
24---
0.986013986013986
0.9856379128747961
0.9512579990424009
0.8304773612992791
0.013986013986013957
24---
0.9752331002331003
0.9696341634275154
0.9304898867765078
0.7404039000101261
0.02476689976689972
24---
0.993006993006993
0.9917821939641757
0.9441217864279984
0.8247076022789889
0.006993006993006978
24---
0.9994172494172494
0.9994022659311915
0.9806010928961749
0.9500000000000001
0.0005827505827505908
24---
0.9440559440559441
0.9448569315224846
0.7483311008592032
0.7665495430459546
0.05594405594405594
