1---
0.4778270509977827
0.47992037898295753
0.2446041526040903
0.2515124297003619
0.5221729490022173
1---
0.4434589800443459
0.4303131359576577
0.34907977751477426
0.2446820854067634
0.5565410199556541
1---
0.5375658441918492
0.5473634528858813
0.2797571019687832
0.2619513423867787
0.46243415580815084
1---
0.5799833656778486
0.581741745368822
0.27393347349504066
0.27440066900292537
0.4200166343221514
1---
0.5106736900471306
0.5302145327909776
0.23646363366072
0.2413555217703217
0.4893263099528694
3---
0.5077605321507761
0.49167893504091487
0.2674300688338075
0.2559059070019971
0.4922394678492239
3---
0.4465077605321508
0.428324704926888
0.3682848768044759
0.23976941215628353
0.5534922394678492
3---
0.6046576102023843
0.5895965340577372
0.3359792692788563
0.27818411730800724
0.3953423897976157
3---
0.5927363459939008
0.5888757787161124
0.3296888589023288
0.29961128650394914
0.4072636540060992
3---
0.5417244247296923
0.5455393469705089
0.27042861244488203
0.25103959003215565
0.4582755752703077
5---
0.5277161862527716
0.5043209188459691
0.26989191615117925
0.225037141780054
0.4722838137472284
5---
0.4636917960088692
0.4462317531486049
0.34699141255905097
0.24835675313013583
0.5363082039911309
5---
0.6221236484613252
0.6038625048720608
0.3511839021433574
0.30612508621776907
0.3778763515386748
5---
0.6229553645688938
0.6191533958268506
0.42130531973384827
0.3356066780193668
0.3770446354311062
5---
0.557527030773496
0.5608788731656458
0.2666433861270381
0.2459246312332072
0.44247296922650403
7---
0.5315964523281597
0.49858042781868117
0.2187700024232866
0.20877520324734122
0.46840354767184034
7---
0.4728381374722838
0.4577872263996498
0.33044629322800384
0.2503162528883562
0.5271618625277161
7---
0.6093706681452731
0.5944333794216479
0.3413354491664333
0.29248315267403985
0.3906293318547269
7---
0.6260049902966454
0.6208637208897434
0.34756388563424584
0.3120262652201541
0.37399500970335464
7---
0.5702800110895481
0.5666710723178887
0.3162689171162639
0.2930070327106602
0.42971998891045193
9---
0.5155210643015521
0.482908391008371
0.2103107436554661
0.2028704200301568
0.4844789356984479
9---
0.4745011086474501
0.46140390313376933
0.3246576755161284
0.2513174092615306
0.5254988913525499
9---
0.6121430551705018
0.5974805582659342
0.3271548103292156
0.2805130354886542
0.3878569448294982
9---
0.6304408095370113
0.6253720007780255
0.353338836874241
0.3168494797798073
0.3695591904629887
9---
0.568339340171888
0.5657706149909686
0.3378723549510828
0.29282658989324556
0.43166065982811197
11---
0.5169068736141907
0.48456938988867687
0.21052222280219532
0.20404381457011114
0.48309312638580926
11---
0.4983370288248337
0.48727789406479
0.2937446616908263
0.2643086761483728
0.5016629711751663
11---
0.616024397005822
0.6035510631096949
0.3222740541496904
0.27578553154581126
0.383975602994178
11---
0.6332131965622401
0.6273948383679316
0.35916598554533746
0.31501744321216296
0.36678680343775993
11---
0.576933739950097
0.5724689892171393
0.33464677381255004
0.29548607921983894
0.423066260049903
13---
0.5213414634146342
0.4859088404427389
0.21029929709218528
0.2045188572510668
0.47865853658536583
13---
0.4977827050997783
0.48689088093843347
0.29364917798842366
0.26145214289418
0.5022172949002217
13---
0.6149154421957306
0.6019055662060618
0.3210623280141322
0.27366031657783296
0.3850845578042694
13---
0.6382034932076518
0.6324286511021691
0.35285693732611606
0.31562145143363923
0.3617965067923482
13---
0.5713889658996396
0.5652885910164586
0.3295590677035757
0.2906971268200268
0.4286110341003604
15---
0.5238359201773836
0.4888744902870686
0.21491945181123004
0.20681562679477383
0.47616407982261644
15---
0.5066518847006651
0.49635366198157554
0.2976052801692255
0.2678699502937651
0.49334811529933487
15---
0.613806487385639
0.6003908080836515
0.31821730652863917
0.2711944713832874
0.38619351261436097
15---
0.6387579706126976
0.6331573471881241
0.35715396350407796
0.3173415577636591
0.36124202938730243
15---
0.574715830329914
0.5766491823117236
0.33792975538441017
0.30096615237125657
0.425284169670086
17---
0.524390243902439
0.491406905263843
0.2066052553016627
0.20451846158295287
0.47560975609756095
17---
0.5121951219512195
0.502287590205525
0.3009380874020097
0.2715626371124814
0.4878048780487805
17---
0.6090934294427502
0.5959902514102284
0.3184719828581762
0.2693544726812922
0.39090657055724976
17---
0.6423620737454949
0.6367785724333337
0.3517549336161848
0.31588675846173936
0.3576379262545051
17---
0.5641807596340449
0.5580122985468053
0.3384262310324303
0.2970877772397538
0.4358192403659551
19---
0.5127494456762749
0.48217990547123774
0.20180535052459556
0.19952864067125964
0.4872505543237251
19---
0.5177383592017738
0.50773794313127
0.3019390297028488
0.27295878407070057
0.4822616407982262
19---
0.6049348489049071
0.5901892301079916
0.31183306863352084
0.2662242009880648
0.3950651510950929
19---
0.6492930413085667
0.6437301184301333
0.35608162456029546
0.3202668608240207
0.3507069586914333
19---
0.5602994177987247
0.5555616616535786
0.33415438528667984
0.2944022260435972
0.4397005822012753
21---
0.5127494456762749
0.4820283895910581
0.20201577189696707
0.1993660057221238
0.4872505543237251
21---
0.5202328159645233
0.5104849300819381
0.30566641724524507
0.27477774926894283
0.4797671840354767
21---
0.6018852231771555
0.585873735459046
0.31178152226244493
0.2644525382552637
0.39811477682284446
21---
0.6531743831438869
0.6476443132421662
0.35757031905431585
0.32189289509628477
0.34682561685611313
21---
0.5594677016911561
0.5615925033695685
0.3284000038792557
0.29184655210738314
0.4405322983088439
23---
0.5135809312638581
0.4824728291257837
0.2052115715265758
0.20039870245239075
0.48641906873614194
23---
0.5246674057649667
0.5142935169479826
0.31014088979062654
0.2778025544002685
0.47533259423503327
23---
0.6038258940948157
0.5891092781313424
0.3220303422166357
0.2699908878652161
0.3961741059051843
23---
0.6526199057388411
0.6472624179466059
0.3537197936627526
0.3216649011908922
0.3473800942611589
23---
0.574715830329914
0.5678216478012944
0.3404610454575019
0.2983584108212094
0.425284169670086
25---
0.5227272727272727
0.4903606173404075
0.21038811157348136
0.20348425705057124
0.4772727272727273
25---
0.529379157427938
0.5188731773278609
0.30919854420922216
0.2781541916468567
0.47062084257206205
25---
0.600776268367064
0.5853791191671749
0.3250023685663118
0.26282165137670627
0.399223731632936
25---
0.6495702800110895
0.6434163871733385
0.36165110264756795
0.3188845157831735
0.3504297199889105
25---
0.5761020238425284
0.570079045869421
0.33774945715879484
0.30016947792557735
0.4238979761574716
27---
0.5232815964523282
0.4895003885062205
0.20473016298287197
0.20223459495360793
0.4767184035476718
27---
0.5346452328159645
0.5244524091761597
0.312307682876558
0.2819990649105966
0.46535476718403546
27---
0.6149154421957306
0.5973043234139052
0.3292968968800762
0.2663898638077213
0.3850845578042694
27---
0.6476296090934295
0.6409483187085763
0.35523283214764
0.3150933831751105
0.3523703909065705
27---
0.5641807596340449
0.5645475016632195
0.33368760596042396
0.30089742071367465
0.4358192403659551
29---
0.5249445676274944
0.49122335456621957
0.20987866314258322
0.20346986312834933
0.4750554323725056
29---
0.5285476718403548
0.5183789588991727
0.30977861723403277
0.2796259738335812
0.4714523281596452
29---
0.618242306626005
0.5983119236839655
0.3255375524391226
0.26383921921722336
0.381757693373995
29---
0.6476296090934295
0.6409047659625259
0.3553075464943098
0.315089623558296
0.3523703909065705
29---
0.5619628500138619
0.5621716806371567
0.33062766362033436
0.2993639280379004
0.4380371499861381
31---
0.5338137472283814
0.49761552700926054
0.20581190708067412
0.20425221709959684
0.4661862527716186
31---
0.5329822616407982
0.5217713591451125
0.31230626288745345
0.2812073188583422
0.4670177383592018
31---
0.6196285001386194
0.5983878114991348
0.31287663189925974
0.262299718282519
0.38037149986138064
31---
0.6454116994732465
0.6386205585663222
0.3531387453126584
0.31416072966106046
0.3545883005267535
31---
0.5630718048239535
0.5625443063014549
0.3301522811094352
0.2926559539243293
0.43692819517604653
33---
0.5363082039911308
0.4990392212000987
0.20931393418933986
0.204229208574058
0.46369179600886923
33---
0.5299334811529933
0.5194393643954247
0.3156985400900491
0.2828119010400412
0.4700665188470067
33---
0.620460216246188
0.5994801792156689
0.314849951016379
0.26291797847783455
0.37953978375381203
33---
0.6470751316883837
0.6403630680609516
0.352274494655632
0.31337515665349797
0.3529248683116163
33---
0.5655669531466593
0.5644877499754463
0.333894818669928
0.29482342125311384
0.4344330468533407
